Round 1:
1 1 1 0 1
1 1 0 0 1
1 0 1 1 0
0 0 1 1 1
1 0 0 1 1

Round 2:
1 1 0 1 0
1 1 0 1 0
0 1 1 0 1
1 1 1 1 0
0 1 1 0 1

Round 3:
1 0 1 1 0
0 1 1 0 1
1 1 1 1 0
1 0 1 1 1
1 0 0 1 1

Round 4:
1 1 1 1 0
1 1 0 0 1
1 0 1 1 1
1 0 1 1 1
0 1 1 1 1

Round 5:
1 0 0 1 1
1 1 0 1 1
0 0 1 1 0
1 1 1 1 0
0 1 0 1 1

Round 6:
1 1 0 0 1
1 1 1 0 0
0 1 1 1 1
0 0 1 1 0
1 0 1 0 1

Round 7:
1 1 0 0 1
1 1 1 0 1
0 1 1 0 1
0 0 0 1 1
1 1 1 1 1

Round 8:
1 0 0 1 1
0 1 0 0 1
0 0 1 1 1
1 0 1 1 0
1 0 0 0 1

Round 9:
1 0 0 1 1
0 1 1 1 0
0 1 1 0 1
1 1 0 1 1
1 0 1 1 1

Round 10:
1 0 1 1 0
0 1 0 1 1
1 0 1 1 0
1 1 1 1 1
0 1 0 1 1

Round 11:
1 1 0 0 0
1 1 0 0 1
0 0 1 1 1
0 0 1 1 0
0 1 1 0 1

Round 12:
1 1 1 1 1
1 1 1 1 1
1 1 1 1 0
1 1 1 1 1
1 1 0 1 1

Round 13:
1 1 1 0 0
1 1 1 0 1
1 1 1 1 1
0 0 1 1 0
0 1 1 0 1

Round 14:
1 1 0 0 1
1 1 1 1 0
0 1 1 1 1
0 1 1 1 1
1 0 1 1 1

Round 15:
1 1 0 1 0
1 1 0 1 1
0 0 1 1 1
1 1 1 1 1
0 1 1 1 1

Round 16:
1 1 1 0 1
1 1 1 0 0
1 1 1 0 1
0 0 0 1 1
1 0 1 1 1

Round 17:
1 0 1 0 0
1 1 1 0 1
1 1 1 1 0
0 0 1 1 0
0 1 0 0 1

Round 18:
1 0 1 1 1
0 1 0 0 1
1 0 1 1 1
1 0 1 1 1
1 1 1 1 1

Round 19:
1 1 0 0 1
1 1 1 0 1
0 1 1 0 1
0 0 0 1 0
1 1 1 0 1

Round 20:
1 1 1 0 0
0 1 1 1 0
1 1 1 0 0
0 1 0 1 0
1 0 0 0 1

Round 21:
1 0 1 1 1
0 1 0 1 1
1 0 1 0 0
1 1 0 1 1
1 1 0 1 1

Round 22:
1 1 0 0 1
1 1 1 0 0
0 1 1 0 0
0 0 0 1 1
1 0 0 1 1

Round 23:
1 0 1 1 0
0 1 1 0 1
1 1 1 1 1
1 0 1 1 0
0 1 1 0 1

Round 24:
1 1 1 0 1
1 1 1 0 0
1 1 1 1 0
0 0 1 1 1
1 0 0 1 1

Round 25:
1 1 0 0 1
1 1 1 0 1
0 1 1 0 1
0 0 0 1 1
1 1 1 1 1

Round 26:
1 1 1 1 0
1 1 0 1 1
1 0 1 1 0
1 1 1 1 0
0 1 0 0 1

Round 27:
1 0 1 1 0
0 1 0 1 0
1 0 1 1 1
1 1 1 1 1
0 0 1 1 1

Round 28:
1 1 1 1 1
1 1 0 1 1
1 0 1 1 0
1 1 1 1 0
1 1 0 0 1

Round 29:
1 0 1 1 0
0 1 0 1 1
1 0 1 1 1
1 1 1 1 1
0 1 1 1 1

Round 30:
1 0 0 1 0
0 1 0 1 1
0 0 1 0 0
1 1 0 1 0
0 1 0 0 1

Round 31:
1 1 1 1 0
1 1 0 1 1
1 0 1 1 0
1 1 1 1 1
0 1 0 1 1

Round 32:
1 0 0 1 1
0 1 0 0 0
0 0 1 1 0
1 0 1 1 0
1 0 0 0 1

Round 33:
1 1 1 1 1
1 1 1 1 1
1 1 1 0 0
1 1 0 1 0
1 1 0 0 1

Round 34:
1 0 0 0 0
0 1 1 1 0
0 1 1 1 0
0 1 1 1 0
0 0 0 0 1

Round 35:
1 1 1 0 1
1 1 0 0 1
1 0 1 1 1
0 0 1 1 0
1 1 1 0 1

Round 36:
1 0 1 1 1
0 1 1 0 1
1 1 1 0 0
1 0 0 1 0
1 1 0 0 1

Round 37:
1 1 0 1 1
1 1 1 1 0
0 1 1 1 0
1 1 1 1 1
1 0 0 1 1

Round 38:
1 1 0 1 0
1 1 1 1 1
0 1 1 1 1
1 1 1 1 0
0 1 1 0 1

Round 39:
1 0 0 1 1
0 1 1 0 0
0 1 1 1 0
1 0 1 1 1
1 0 0 1 1

Round 40:
1 1 0 1 1
1 1 0 1 1
0 0 1 1 1
1 1 1 1 0
1 1 1 0 1

Round 41:
1 0 1 1 0
0 1 1 1 1
1 1 1 1 1
1 1 1 1 1
0 1 1 1 1

Round 42:
1 1 1 1 0
1 1 0 0 0
1 0 1 0 1
1 0 0 1 0
0 0 1 0 1

Round 43:
1 1 0 1 0
1 1 0 0 1
0 0 1 0 0
1 0 0 1 1
0 1 0 1 1

Round 44:
1 1 0 0 1
1 1 0 1 1
0 0 1 0 1
0 1 0 1 0
1 1 1 0 1

Round 45:
1 1 1 1 1
1 1 0 1 0
1 0 1 0 1
1 1 0 1 1
1 0 1 1 1

Round 46:
1 1 0 0 0
1 1 1 0 0
0 1 1 0 0
0 0 0 1 1
0 0 0 1 1

Round 47:
1 1 1 0 0
1 1 1 0 0
1 1 1 1 1
0 0 1 1 1
0 0 1 1 1

Round 48:
1 0 1 1 1
0 1 0 0 1
1 0 1 1 0
1 0 1 1 1
1 1 0 1 1

Round 49:
1 1 1 1 0
1 1 1 0 1
1 1 1 1 1
1 0 1 1 1
0 1 1 1 1

Round 50:
1 1 1 0 0
1 1 1 1 1
1 1 1 0 1
0 1 0 1 1
0 1 1 1 1

Round 51:
1 1 1 1 0
1 1 0 1 1
1 0 1 1 1
1 1 1 1 1
0 1 1 1 1

Round 52:
1 0 1 1 1
0 1 1 1 0
1 1 1 0 1
1 1 0 1 0
1 0 1 0 1

Round 53:
1 0 0 0 1
0 1 0 1 0
0 0 1 1 1
0 1 1 1 0
1 0 1 0 1

Round 54:
1 0 0 0 0
0 1 1 0 0
0 1 1 1 0
0 0 1 1 1
0 0 0 1 1

Round 55:
1 1 1 1 0
1 1 0 1 1
1 0 1 1 0
1 1 1 1 1
0 1 0 1 1

Round 56:
1 1 0 1 0
1 1 1 1 1
0 1 1 0 1
1 1 0 1 1
0 1 1 1 1

Round 57:
1 1 0 1 1
1 1 1 0 1
0 1 1 0 1
1 0 0 1 0
1 1 1 0 1

Round 58:
1 1 1 1 0
1 1 0 1 1
1 0 1 1 0
1 1 1 1 0
0 1 0 0 1

Round 59:
1 0 1 0 0
0 1 0 0 1
1 0 1 1 0
0 0 1 1 0
0 1 0 0 1

Round 60:
1 1 1 0 1
1 1 1 0 0
1 1 1 1 1
0 0 1 1 0
1 0 1 0 1

Round 61:
1 0 0 1 1
0 1 1 1 1
0 1 1 1 0
1 1 1 1 1
1 1 0 1 1

Round 62:
1 1 1 0 0
1 1 1 0 0
1 1 1 1 1
0 0 1 1 1
0 0 1 1 1

Round 63:
1 1 1 1 1
1 1 1 0 0
1 1 1 1 0
1 0 1 1 0
1 0 0 0 1

Round 64:
1 0 0 0 0
0 1 1 1 0
0 1 1 0 0
0 1 0 1 1
0 0 0 1 1

Round 65:
1 1 1 0 0
1 1 1 1 0
1 1 1 1 1
0 1 1 1 1
0 0 1 1 1

Round 66:
1 1 1 1 1
1 1 1 1 0
1 1 1 0 0
1 1 0 1 1
1 0 0 1 1

Round 67:
1 1 0 0 1
1 1 0 1 1
0 0 1 1 1
0 1 1 1 1
1 1 1 1 1

Round 68:
1 1 0 0 0
1 1 1 1 0
0 1 1 1 1
0 1 1 1 1
0 0 1 1 1

Round 69:
1 0 0 0 0
0 1 0 0 1
0 0 1 1 1
0 0 1 1 1
0 1 1 1 1

Round 70:
1 1 1 1 1
1 1 1 0 1
1 1 1 1 1
1 0 1 1 0
1 1 1 0 1

Round 71:
1 0 1 0 0
0 1 0 1 0
1 0 1 0 1
0 1 0 1 1
0 0 1 1 1

Round 72:
1 1 1 1 1
1 1 1 1 0
1 1 1 1 1
1 1 1 1 1
1 0 1 1 1

Round 73:
1 1 1 1 0
1 1 1 0 1
1 1 1 1 0
1 0 1 1 1
0 1 0 1 1

Round 74:
1 1 0 1 1
1 1 1 1 0
0 1 1 0 1
1 1 0 1 1
1 0 1 1 1

Round 75:
1 1 0 0 1
1 1 1 1 0
0 1 1 0 1
0 1 0 1 1
1 0 1 1 1

Round 76:
1 1 0 1 1
1 1 1 1 1
0 1 1 1 0
1 1 1 1 1
1 1 0 1 1

Round 77:
1 0 1 1 0
0 1 0 0 0
1 0 1 1 0
1 0 1 1 1
0 0 0 1 1

Round 78:
1 0 0 1 1
0 1 1 0 1
0 1 1 1 0
1 0 1 1 1
1 1 0 1 1

Round 79:
1 1 1 0 0
1 1 1 1 0
1 1 1 1 1
0 1 1 1 1
0 0 1 1 1

Round 80:
1 1 1 0 1
1 1 1 1 1
1 1 1 0 1
0 1 0 1 1
1 1 1 1 1

Round 81:
1 0 0 0 1
0 1 1 1 1
0 1 1 1 0
0 1 1 1 0
1 1 0 0 1

Round 82:
1 1 0 0 1
1 1 1 0 1
0 1 1 0 0
0 0 0 1 1
1 1 0 1 1

Round 83:
1 1 1 1 0
1 1 0 1 1
1 0 1 1 0
1 1 1 1 1
0 1 0 1 1

Round 84:
1 0 0 1 0
0 1 0 1 1
0 0 1 0 1
1 1 0 1 0
0 1 1 0 1

Round 85:
1 0 1 1 1
0 1 1 0 1
1 1 1 1 0
1 0 1 1 1
1 1 0 1 1

Round 86:
1 0 0 0 0
0 1 1 0 1
0 1 1 1 1
0 0 1 1 1
0 1 1 1 1

Round 87:
1 1 0 1 1
1 1 0 1 0
0 0 1 0 0
1 1 0 1 1
1 0 0 1 1

Round 88:
1 1 1 1 1
1 1 1 1 1
1 1 1 1 1
1 1 1 1 1
1 1 1 1 1

Round 89:
1 1 0 1 0
1 1 0 1 0
0 0 1 0 1
1 1 0 1 1
0 0 1 1 1

Round 90:
1 1 0 1 0
1 1 1 1 0
0 1 1 1 0
1 1 1 1 1
0 0 0 1 1

Round 91:
1 1 1 1 1
1 1 1 1 0
1 1 1 1 0
1 1 1 1 1
1 0 0 1 1

Round 92:
1 1 1 0 1
1 1 1 1 1
1 1 1 0 1
0 1 0 1 0
1 1 1 0 1

Round 93:
1 1 1 1 1
1 1 1 1 0
1 1 1 0 1
1 1 0 1 0
1 0 1 0 1

Round 94:
1 1 1 1 0
1 1 1 1 1
1 1 1 1 1
1 1 1 1 1
0 1 1 1 1

Round 95:
1 1 1 1 0
1 1 1 1 0
1 1 1 1 1
1 1 1 1 0
0 0 1 0 1

Round 96:
1 0 1 0 1
0 1 1 0 1
1 1 1 1 0
0 0 1 1 0
1 1 0 0 1

Round 97:
1 1 0 0 0
1 1 1 1 1
0 1 1 0 1
0 1 0 1 1
0 1 1 1 1

Round 98:
1 1 1 1 0
1 1 0 1 1
1 0 1 0 1
1 1 0 1 0
0 1 1 0 1

Round 99:
1 1 0 0 0
1 1 1 1 1
0 1 1 0 0
0 1 0 1 0
0 1 0 0 1

Round 100:
1 1 0 1 0
1 1 1 0 1
0 1 1 0 1
1 0 0 1 1
0 1 1 1 1

Round 101:
1 0 1 0 0
0 1 1 0 1
1 1 1 0 0
0 0 0 1 0
0 1 0 0 1

Round 102:
1 1 1 1 0
1 1 1 0 1
1 1 1 1 1
1 0 1 1 0
0 1 1 0 1

Round 103:
1 1 1 0 1
1 1 1 0 1
1 1 1 0 1
0 0 0 1 1
1 1 1 1 1

Round 104:
1 0 1 1 0
0 1 1 1 0
1 1 1 1 1
1 1 1 1 0
0 0 1 0 1

Round 105:
1 1 1 0 1
1 1 1 0 1
1 1 1 0 0
0 0 0 1 1
1 1 0 1 1

Round 106:
1 0 1 1 0
0 1 1 1 1
1 1 1 1 0
1 1 1 1 0
0 1 0 0 1

Round 107:
1 1 0 1 1
1 1 0 0 0
0 0 1 0 0
1 0 0 1 1
1 0 0 1 1

Round 108:
1 1 1 1 1
1 1 1 1 0
1 1 1 1 1
1 1 1 1 0
1 0 1 0 1

Round 109:
1 0 1 0 1
0 1 0 0 1
1 0 1 0 0
0 0 0 1 1
1 1 0 1 1

Round 110:
1 1 1 0 1
1 1 1 0 1
1 1 1 1 1
0 0 1 1 0
1 1 1 0 1

Round 111:
1 0 1 1 0
0 1 0 1 1
1 0 1 1 1
1 1 1 1 1
0 1 1 1 1

Round 112:
1 1 1 1 1
1 1 0 1 0
1 0 1 1 1
1 1 1 1 1
1 0 1 1 1

Round 113:
1 1 1 0 1
1 1 0 0 1
1 0 1 0 1
0 0 0 1 1
1 1 1 1 1

Round 114:
1 1 0 1 1
1 1 0 1 0
0 0 1 1 1
1 1 1 1 1
1 0 1 1 1

Round 115:
1 0 0 0 0
0 1 1 1 0
0 1 1 0 0
0 1 0 1 0
0 0 0 0 1

Round 116:
1 0 1 0 0
0 1 1 1 1
1 1 1 1 1
0 1 1 1 1
0 1 1 1 1

Round 117:
1 1 1 1 0
1 1 1 0 0
1 1 1 1 1
1 0 1 1 1
0 0 1 1 1

Round 118:
1 1 1 1 0
1 1 0 1 1
1 0 1 1 1
1 1 1 1 0
0 1 1 0 1

Round 119:
1 0 1 0 1
0 1 0 1 0
1 0 1 1 0
0 1 1 1 1
1 0 0 1 1

Round 120:
1 0 1 0 1
0 1 0 1 1
1 0 1 0 1
0 1 0 1 0
1 1 1 0 1

Round 121:
1 0 1 1 1
0 1 0 0 0
1 0 1 1 1
1 0 1 1 1
1 0 1 1 1

Round 122:
1 1 1 1 0
1 1 1 1 1
1 1 1 1 0
1 1 1 1 1
0 1 0 1 1

Round 123:
1 0 1 1 0
0 1 1 1 1
1 1 1 0 0
1 1 0 1 0
0 1 0 0 1

Round 124:
1 1 0 0 1
1 1 1 1 1
0 1 1 1 0
0 1 1 1 1
1 1 0 1 1

Round 125:
1 1 1 0 1
1 1 0 1 1
1 0 1 1 0
0 1 1 1 1
1 1 0 1 1

Round 126:
1 1 1 0 0
1 1 0 1 1
1 0 1 0 0
0 1 0 1 1
0 1 0 1 1

Round 127:
1 1 1 1 1
1 1 1 1 0
1 1 1 1 0
1 1 1 1 1
1 0 0 1 1

Round 128:
1 0 1 0 1
0 1 1 1 1
1 1 1 1 1
0 1 1 1 0
1 1 1 0 1

Round 129:
1 0 1 0 0
0 1 0 1 1
1 0 1 1 0
0 1 1 1 0
0 1 0 0 1

Round 130:
1 1 1 0 0
1 1 1 1 0
1 1 1 1 1
0 1 1 1 1
0 0 1 1 1

Round 131:
1 1 1 1 0
1 1 0 0 0
1 0 1 1 0
1 0 1 1 1
0 0 0 1 1

Round 132:
1 0 0 0 1
0 1 1 1 0
0 1 1 1 1
0 1 1 1 0
1 0 1 0 1

Round 133:
1 0 1 1 1
0 1 0 1 0
1 0 1 1 1
1 1 1 1 1
1 0 1 1 1

Round 134:
1 0 1 0 0
0 1 1 1 1
1 1 1 0 0
0 1 0 1 0
0 1 0 0 1

Round 135:
1 0 0 0 0
0 1 1 1 1
0 1 1 0 0
0 1 0 1 1
0 1 0 1 1

Round 136:
1 1 0 1 1
1 1 0 0 1
0 0 1 0 0
1 0 0 1 1
1 1 0 1 1

Round 137:
1 0 1 1 1
0 1 1 1 0
1 1 1 1 0
1 1 1 1 1
1 0 0 1 1

Round 138:
1 1 1 1 1
1 1 1 1 1
1 1 1 1 1
1 1 1 1 0
1 1 1 0 1

Round 139:
1 1 1 0 0
1 1 0 1 0
1 0 1 1 1
0 1 1 1 0
0 0 1 0 1

Round 140:
1 1 0 1 0
1 1 1 1 0
0 1 1 0 1
1 1 0 1 1
0 0 1 1 1

Round 141:
1 1 1 0 0
1 1 1 1 1
1 1 1 1 1
0 1 1 1 1
0 1 1 1 1

Round 142:
1 1 1 1 1
1 1 0 1 1
1 0 1 0 1
1 1 0 1 1
1 1 1 1 1

Round 143:
1 1 1 0 1
1 1 0 0 1
1 0 1 0 1
0 0 0 1 0
1 1 1 0 1

Round 144:
1 0 1 0 0
0 1 0 1 1
1 0 1 0 1
0 1 0 1 0
0 1 1 0 1

Round 145:
1 1 1 1 1
1 1 1 0 0
1 1 1 0 0
1 0 0 1 1
1 0 0 1 1

Round 146:
1 1 0 0 0
1 1 0 0 0
0 0 1 0 1
0 0 0 1 0
0 0 1 0 1

Round 147:
1 0 1 1 0
0 1 1 1 0
1 1 1 1 1
1 1 1 1 0
0 0 1 0 1

Round 148:
1 0 1 0 0
0 1 1 1 1
1 1 1 1 1
0 1 1 1 1
0 1 1 1 1

Round 149:
1 0 0 1 1
0 1 0 0 1
0 0 1 1 1
1 0 1 1 1
1 1 1 1 1

Round 150:
1 1 1 0 0
1 1 1 1 1
1 1 1 1 1
0 1 1 1 1
0 1 1 1 1

Round 151:
1 1 0 0 0
1 1 0 1 1
0 0 1 1 1
0 1 1 1 0
0 1 1 0 1

Round 152:
1 0 0 0 1
0 1 0 0 0
0 0 1 0 1
0 0 0 1 1
1 0 1 1 1

Round 153:
1 1 0 1 0
1 1 1 1 0
0 1 1 0 0
1 1 0 1 1
0 0 0 1 1

Round 154:
1 1 1 1 0
1 1 1 0 1
1 1 1 0 0
1 0 0 1 0
0 1 0 0 1

Round 155:
1 1 0 1 1
1 1 1 1 1
0 1 1 0 1
1 1 0 1 0
1 1 1 0 1

Round 156:
1 0 0 1 1
0 1 1 1 0
0 1 1 1 1
1 1 1 1 1
1 0 1 1 1

Round 157:
1 0 0 1 1
0 1 0 0 1
0 0 1 0 0
1 0 0 1 1
1 1 0 1 1

Round 158:
1 1 0 1 0
1 1 0 0 0
0 0 1 0 1
1 0 0 1 1
0 0 1 1 1

Round 159:
1 1 0 1 1
1 1 0 0 0
0 0 1 0 1
1 0 0 1 0
1 0 1 0 1

Round 160:
1 1 1 1 1
1 1 1 1 1
1 1 1 0 0
1 1 0 1 1
1 1 0 1 1

Round 161:
1 0 1 1 1
0 1 1 1 0
1 1 1 1 1
1 1 1 1 1
1 0 1 1 1

Round 162:
1 1 0 1 0
1 1 0 1 0
0 0 1 0 0
1 1 0 1 1
0 0 0 1 1

Round 163:
1 0 0 0 1
0 1 0 1 0
0 0 1 1 1
0 1 1 1 1
1 0 1 1 1

Round 164:
1 0 1 1 0
0 1 0 1 1
1 0 1 0 1
1 1 0 1 1
0 1 1 1 1

Round 165:
1 0 0 0 1
0 1 0 0 1
0 0 1 1 1
0 0 1 1 0
1 1 1 0 1

Round 166:
1 0 0 0 1
0 1 0 0 1
0 0 1 0 0
0 0 0 1 1
1 1 0 1 1

Round 167:
1 1 1 0 0
1 1 0 1 0
1 0 1 0 1
0 1 0 1 1
0 0 1 1 1

Round 168:
1 1 0 1 1
1 1 1 0 0
0 1 1 1 0
1 0 1 1 0
1 0 0 0 1

Round 169:
1 1 1 0 0
1 1 0 0 1
1 0 1 1 1
0 0 1 1 1
0 1 1 1 1

Round 170:
1 1 1 0 1
1 1 1 0 0
1 1 1 1 0
0 0 1 1 1
1 0 0 1 1

Round 171:
1 1 1 0 1
1 1 1 1 1
1 1 1 0 1
0 1 0 1 0
1 1 1 0 1

Round 172:
1 0 0 1 1
0 1 1 1 0
0 1 1 1 1
1 1 1 1 1
1 0 1 1 1

Round 173:
1 1 1 1 1
1 1 1 0 1
1 1 1 0 0
1 0 0 1 1
1 1 0 1 1

Round 174:
1 0 0 1 1
0 1 1 1 0
0 1 1 0 1
1 1 0 1 1
1 0 1 1 1

Round 175:
1 1 0 1 0
1 1 0 1 0
0 0 1 0 0
1 1 0 1 0
0 0 0 0 1

Round 176:
1 1 1 1 1
1 1 0 1 0
1 0 1 0 1
1 1 0 1 1
1 0 1 1 1

Round 177:
1 1 0 1 0
1 1 0 0 1
0 0 1 1 0
1 0 1 1 1
0 1 0 1 1

Round 178:
1 0 1 0 0
0 1 0 1 0
1 0 1 0 0
0 1 0 1 1
0 0 0 1 1

Round 179:
1 1 1 0 1
1 1 0 0 0
1 0 1 0 1
0 0 0 1 0
1 0 1 0 1

Round 180:
1 1 1 0 1
1 1 1 0 1
1 1 1 1 1
0 0 1 1 0
1 1 1 0 1

Round 181:
1 0 0 1 1
0 1 0 0 1
0 0 1 0 1
1 0 0 1 0
1 1 1 0 1

Round 182:
1 1 1 1 0
1 1 0 0 1
1 0 1 1 1
1 0 1 1 1
0 1 1 1 1

Round 183:
1 1 1 0 1
1 1 1 0 1
1 1 1 1 1
0 0 1 1 0
1 1 1 0 1

Round 184:
1 0 0 0 0
0 1 0 1 0
0 0 1 0 0
0 1 0 1 0
0 0 0 0 1

Round 185:
1 0 1 0 1
0 1 1 1 0
1 1 1 1 1
0 1 1 1 1
1 0 1 1 1

Round 186:
1 0 1 1 1
0 1 0 1 0
1 0 1 0 1
1 1 0 1 1
1 0 1 1 1

Round 187:
1 0 0 0 1
0 1 1 1 1
0 1 1 0 0
0 1 0 1 0
1 1 0 0 1

Round 188:
1 0 1 1 1
0 1 0 1 1
1 0 1 0 1
1 1 0 1 0
1 1 1 0 1

Round 189:
1 1 1 0 1
1 1 0 1 0
1 0 1 1 1
0 1 1 1 1
1 0 1 1 1

Round 190:
1 1 1 0 1
1 1 0 0 1
1 0 1 0 1
0 0 0 1 1
1 1 1 1 1

Round 191:
1 1 0 0 1
1 1 0 1 1
0 0 1 1 1
0 1 1 1 0
1 1 1 0 1

Round 192:
1 1 0 1 0
1 1 1 0 0
0 1 1 1 0
1 0 1 1 1
0 0 0 1 1

Round 193:
1 1 1 1 1
1 1 1 0 1
1 1 1 1 0
1 0 1 1 1
1 1 0 1 1

Round 194:
1 1 1 1 1
1 1 0 0 1
1 0 1 1 0
1 0 1 1 1
1 1 0 1 1

Round 195:
1 1 1 1 1
1 1 0 0 0
1 0 1 0 0
1 0 0 1 0
1 0 0 0 1

Round 196:
1 1 1 1 1
1 1 0 0 1
1 0 1 0 1
1 0 0 1 1
1 1 1 1 1

Round 197:
1 0 1 0 1
0 1 1 1 1
1 1 1 0 0
0 1 0 1 1
1 1 0 1 1

Round 198:
1 1 0 0 1
1 1 1 0 1
0 1 1 1 1
0 0 1 1 0
1 1 1 0 1

Round 199:
1 1 1 1 0
1 1 1 1 1
1 1 1 1 1
1 1 1 1 1
0 1 1 1 1

Round 200:
1 1 1 0 1
1 1 1 1 0
1 1 1 0 1
0 1 0 1 0
1 0 1 0 1

Round 201:
1 1 1 1 1
1 1 0 0 1
1 0 1 0 0
1 0 0 1 1
1 1 0 1 1

Round 202:
1 1 1 0 1
1 1 1 1 1
1 1 1 0 1
0 1 0 1 0
1 1 1 0 1

Round 203:
1 0 1 0 0
0 1 0 0 1
1 0 1 1 0
0 0 1 1 0
0 1 0 0 1

Round 204:
1 0 0 1 1
0 1 1 0 1
0 1 1 1 1
1 0 1 1 0
1 1 1 0 1

Round 205:
1 1 1 1 1
1 1 0 0 1
1 0 1 1 1
1 0 1 1 0
1 1 1 0 1

Round 206:
1 0 0 1 1
0 1 0 0 0
0 0 1 1 0
1 0 1 1 0
1 0 0 0 1

Round 207:
1 1 1 1 0
1 1 1 1 1
1 1 1 1 1
1 1 1 1 1
0 1 1 1 1

Round 208:
1 0 1 1 1
0 1 0 1 0
1 0 1 0 1
1 1 0 1 1
1 0 1 1 1

Round 209:
1 1 0 1 1
1 1 1 1 1
0 1 1 0 1
1 1 0 1 1
1 1 1 1 1

Round 210:
1 0 0 1 0
0 1 0 1 1
0 0 1 1 1
1 1 1 1 1
0 1 1 1 1

Round 211:
1 0 1 1 0
0 1 0 1 0
1 0 1 1 1
1 1 1 1 0
0 0 1 0 1

Round 212:
1 1 1 1 1
1 1 1 0 0
1 1 1 1 1
1 0 1 1 1
1 0 1 1 1

Round 213:
1 0 1 1 1
0 1 1 0 1
1 1 1 1 1
1 0 1 1 0
1 1 1 0 1

Round 214:
1 1 1 1 1
1 1 1 0 1
1 1 1 0 0
1 0 0 1 1
1 1 0 1 1

Round 215:
1 0 0 0 1
0 1 1 0 1
0 1 1 0 0
0 0 0 1 1
1 1 0 1 1

Round 216:
1 0 1 1 1
0 1 1 1 1
1 1 1 1 0
1 1 1 1 1
1 1 0 1 1

Round 217:
1 1 0 0 0
1 1 1 1 1
0 1 1 0 1
0 1 0 1 1
0 1 1 1 1

Round 218:
1 1 1 0 0
1 1 1 1 0
1 1 1 0 1
0 1 0 1 1
0 0 1 1 1

Round 219:
1 1 1 1 1
1 1 1 1 0
1 1 1 1 1
1 1 1 1 1
1 0 1 1 1

Round 220:
1 1 0 1 1
1 1 1 0 0
0 1 1 1 1
1 0 1 1 1
1 0 1 1 1

Round 221:
1 0 1 0 0
0 1 1 0 1
1 1 1 1 0
0 0 1 1 1
0 1 0 1 1

Round 222:
1 0 0 1 0
0 1 1 1 1
0 1 1 0 1
1 1 0 1 1
0 1 1 1 1

Round 223:
1 1 0 0 0
1 1 0 0 1
0 0 1 1 0
0 0 1 1 1
0 1 0 1 1

Round 224:
1 0 1 1 0
0 1 0 1 0
1 0 1 1 1
1 1 1 1 0
0 0 1 0 1

Round 225:
1 0 1 1 0
0 1 0 1 1
1 0 1 1 0
1 1 1 1 1
0 1 0 1 1

Round 226:
1 0 0 0 0
0 1 0 0 0
0 0 1 1 1
0 0 1 1 1
0 0 1 1 1

Round 227:
1 1 1 1 1
1 1 1 0 1
1 1 1 1 0
1 0 1 1 0
1 1 0 0 1

Round 228:
1 1 0 0 1
1 1 0 1 0
0 0 1 0 1
0 1 0 1 1
1 0 1 1 1

Round 229:
1 0 0 1 1
0 1 0 1 1
0 0 1 1 1
1 1 1 1 1
1 1 1 1 1

Round 230:
1 0 1 0 1
0 1 1 0 1
1 1 1 1 0
0 0 1 1 1
1 1 0 1 1

Round 231:
1 1 0 0 1
1 1 1 1 0
0 1 1 0 1
0 1 0 1 0
1 0 1 0 1

Round 232:
1 1 1 0 0
1 1 1 0 1
1 1 1 1 0
0 0 1 1 1
0 1 0 1 1

Round 233:
1 1 1 0 1
1 1 0 0 1
1 0 1 0 0
0 0 0 1 1
1 1 0 1 1

Round 234:
1 0 1 1 1
0 1 0 0 1
1 0 1 0 1
1 0 0 1 1
1 1 1 1 1

Round 235:
1 0 1 0 0
0 1 1 0 0
1 1 1 0 0
0 0 0 1 1
0 0 0 1 1

Round 236:
1 0 1 1 1
0 1 1 1 0
1 1 1 1 1
1 1 1 1 1
1 0 1 1 1

Round 237:
1 0 0 0 1
0 1 1 0 0
0 1 1 1 0
0 0 1 1 0
1 0 0 0 1

Round 238:
1 0 1 0 1
0 1 1 1 1
1 1 1 0 0
0 1 0 1 0
1 1 0 0 1

Round 239:
1 0 1 1 1
0 1 1 0 0
1 1 1 1 0
1 0 1 1 0
1 0 0 0 1

Round 240:
1 0 1 1 1
0 1 1 0 1
1 1 1 1 1
1 0 1 1 1
1 1 1 1 1

Round 241:
1 1 1 1 1
1 1 1 0 1
1 1 1 0 1
1 0 0 1 1
1 1 1 1 1

Round 242:
1 1 1 1 0
1 1 1 0 1
1 1 1 0 1
1 0 0 1 0
0 1 1 0 1

Round 243:
1 0 0 1 1
0 1 1 1 1
0 1 1 1 1
1 1 1 1 0
1 1 1 0 1

Round 244:
1 0 1 1 0
0 1 1 1 1
1 1 1 1 0
1 1 1 1 1
0 1 0 1 1

Round 245:
1 0 1 1 0
0 1 1 0 1
1 1 1 1 1
1 0 1 1 1
0 1 1 1 1

Round 246:
1 0 1 0 1
0 1 0 1 1
1 0 1 1 1
0 1 1 1 1
1 1 1 1 1

Round 247:
1 1 0 1 1
1 1 0 1 1
0 0 1 1 1
1 1 1 1 1
1 1 1 1 1

Round 248:
1 1 0 0 1
1 1 1 1 1
0 1 1 0 1
0 1 0 1 1
1 1 1 1 1

Round 249:
1 1 0 1 0
1 1 1 0 0
0 1 1 1 1
1 0 1 1 1
0 0 1 1 1

Round 250:
1 1 1 1 0
1 1 1 1 0
1 1 1 0 0
1 1 0 1 1
0 0 0 1 1

Round 251:
1 1 1 1 1
1 1 0 1 1
1 0 1 1 1
1 1 1 1 1
1 1 1 1 1

Round 252:
1 0 1 1 0
0 1 0 1 1
1 0 1 0 0
1 1 0 1 0
0 1 0 0 1

Round 253:
1 0 1 1 0
0 1 0 1 0
1 0 1 1 1
1 1 1 1 1
0 0 1 1 1

Round 254:
1 0 0 1 1
0 1 1 1 1
0 1 1 0 1
1 1 0 1 1
1 1 1 1 1

Round 255:
1 0 1 1 0
0 1 1 1 1
1 1 1 1 1
1 1 1 1 1
0 1 1 1 1

Round 256:
1 0 1 1 1
0 1 0 1 0
1 0 1 1 1
1 1 1 1 0
1 0 1 0 1

Round 257:
1 1 1 1 0
1 1 1 1 0
1 1 1 0 0
1 1 0 1 0
0 0 0 0 1

Round 258:
1 0 0 1 0
0 1 1 1 0
0 1 1 1 1
1 1 1 1 0
0 0 1 0 1

Round 259:
1 0 1 1 0
0 1 1 0 1
1 1 1 1 1
1 0 1 1 1
0 1 1 1 1

Round 260:
1 0 0 1 1
0 1 0 1 1
0 0 1 1 0
1 1 1 1 1
1 1 0 1 1

Round 261:
1 0 0 1 1
0 1 1 0 1
0 1 1 1 1
1 0 1 1 0
1 1 1 0 1

Round 262:
1 0 1 1 0
0 1 0 0 1
1 0 1 1 1
1 0 1 1 1
0 1 1 1 1

Round 263:
1 1 0 1 1
1 1 1 0 0
0 1 1 1 1
1 0 1 1 0
1 0 1 0 1

Round 264:
1 0 1 1 0
0 1 0 0 0
1 0 1 0 1
1 0 0 1 0
0 0 1 0 1

Round 265:
1 1 1 1 1
1 1 1 1 1
1 1 1 1 1
1 1 1 1 1
1 1 1 1 1

Round 266:
1 0 0 1 1
0 1 1 1 1
0 1 1 1 0
1 1 1 1 1
1 1 0 1 1

Round 267:
1 1 0 0 0
1 1 1 1 1
0 1 1 1 1
0 1 1 1 1
0 1 1 1 1

Round 268:
1 1 1 0 1
1 1 1 0 0
1 1 1 0 1
0 0 0 1 1
1 0 1 1 1

Round 269:
1 0 0 1 1
0 1 1 1 1
0 1 1 1 0
1 1 1 1 1
1 1 0 1 1

Round 270:
1 1 0 1 1
1 1 1 1 1
0 1 1 1 1
1 1 1 1 0
1 1 1 0 1

Round 271:
1 1 0 1 1
1 1 0 1 0
0 0 1 1 1
1 1 1 1 1
1 0 1 1 1

Round 272:
1 0 0 0 0
0 1 1 0 0
0 1 1 0 1
0 0 0 1 1
0 0 1 1 1

Round 273:
1 1 0 0 1
1 1 1 0 1
0 1 1 0 1
0 0 0 1 1
1 1 1 1 1

Round 274:
1 1 1 1 1
1 1 1 1 0
1 1 1 0 1
1 1 0 1 0
1 0 1 0 1

Round 275:
1 0 1 0 1
0 1 0 1 1
1 0 1 0 0
0 1 0 1 1
1 1 0 1 1

Round 276:
1 0 1 1 1
0 1 1 1 0
1 1 1 1 0
1 1 1 1 1
1 0 0 1 1

Round 277:
1 0 1 1 1
0 1 0 0 1
1 0 1 1 0
1 0 1 1 1
1 1 0 1 1

Round 278:
1 0 0 1 1
0 1 1 1 1
0 1 1 1 0
1 1 1 1 1
1 1 0 1 1

Round 279:
1 1 0 1 1
1 1 1 0 1
0 1 1 1 1
1 0 1 1 1
1 1 1 1 1

Round 280:
1 0 0 1 0
0 1 0 1 0
0 0 1 1 0
1 1 1 1 1
0 0 0 1 1

Round 281:
1 0 1 1 1
0 1 0 0 0
1 0 1 1 0
1 0 1 1 0
1 0 0 0 1

Round 282:
1 1 1 0 0
1 1 0 0 1
1 0 1 1 1
0 0 1 1 0
0 1 1 0 1

Round 283:
1 0 1 0 1
0 1 1 0 1
1 1 1 0 1
0 0 0 1 1
1 1 1 1 1

Round 284:
1 1 1 1 1
1 1 1 1 1
1 1 1 0 1
1 1 0 1 1
1 1 1 1 1

Round 285:
1 0 1 1 1
0 1 0 1 0
1 0 1 1 1
1 1 1 1 0
1 0 1 0 1

Round 286:
1 1 1 1 1
1 1 0 1 1
1 0 1 1 1
1 1 1 1 1
1 1 1 1 1

Round 287:
1 1 0 0 1
1 1 0 1 1
0 0 1 1 0
0 1 1 1 1
1 1 0 1 1

Round 288:
1 1 1 1 1
1 1 0 1 0
1 0 1 0 1
1 1 0 1 1
1 0 1 1 1

Round 289:
1 1 1 0 0
1 1 1 1 1
1 1 1 1 0
0 1 1 1 1
0 1 0 1 1

Round 290:
1 0 0 1 0
0 1 1 1 0
0 1 1 0 0
1 1 0 1 0
0 0 0 0 1

Round 291:
1 1 0 0 1
1 1 0 1 1
0 0 1 1 0
0 1 1 1 0
1 1 0 0 1

Round 292:
1 1 1 1 0
1 1 0 1 0
1 0 1 1 0
1 1 1 1 1
0 0 0 1 1

Round 293:
1 1 0 1 1
1 1 0 1 0
0 0 1 0 0
1 1 0 1 1
1 0 0 1 1

Round 294:
1 1 0 1 0
1 1 1 0 1
0 1 1 0 1
1 0 0 1 1
0 1 1 1 1

Round 295:
1 1 1 0 1
1 1 0 0 1
1 0 1 1 1
0 0 1 1 1
1 1 1 1 1

Round 296:
1 1 0 0 0
1 1 1 0 1
0 1 1 0 1
0 0 0 1 0
0 1 1 0 1

Round 297:
1 1 1 1 1
1 1 0 1 1
1 0 1 1 1
1 1 1 1 1
1 1 1 1 1

Round 298:
1 1 0 1 0
1 1 1 0 1
0 1 1 1 1
1 0 1 1 0
0 1 1 0 1

Round 299:
1 0 1 0 1
0 1 0 0 0
1 0 1 0 0
0 0 0 1 1
1 0 0 1 1

Round 300:
1 1 0 1 1
1 1 1 0 1
0 1 1 0 1
1 0 0 1 1
1 1 1 1 1

Round 301:
1 1 0 0 1
1 1 1 1 1
0 1 1 0 1
0 1 0 1 1
1 1 1 1 1

Round 302:
1 0 0 0 1
0 1 0 1 0
0 0 1 1 1
0 1 1 1 1
1 0 1 1 1

Round 303:
1 0 1 0 1
0 1 1 0 1
1 1 1 1 1
0 0 1 1 1
1 1 1 1 1

Round 304:
1 0 1 1 1
0 1 1 1 0
1 1 1 1 1
1 1 1 1 1
1 0 1 1 1

Round 305:
1 0 1 0 0
0 1 1 0 0
1 0 1 1 1
0 0 1 1 1
0 0 1 1 1

Round 306:
1 1 0 1 1
1 1 1 0 0
0 1 1 0 0
1 0 0 1 1
1 0 0 1 1

Round 307:
1 1 1 1 0
1 1 1 0 1
1 1 1 0 0
1 0 0 1 1
0 1 0 1 1

Round 308:
1 0 0 1 0
0 1 1 1 0
0 1 1 1 0
1 1 1 1 1
0 0 0 1 1

Round 309:
1 0 1 0 1
0 1 1 0 0
1 1 1 1 1
0 0 1 1 0
1 0 1 0 1

Round 310:
1 1 1 1 1
1 1 0 0 0
1 0 1 0 1
1 0 0 1 1
1 0 1 1 1

Round 311:
1 1 1 0 0
1 1 1 0 0
1 1 1 0 0
0 0 0 1 0
0 0 0 0 1

Round 312:
1 0 1 0 1
0 1 0 1 1
1 0 1 1 1
0 1 1 1 1
1 1 1 1 1

Round 313:
1 1 1 0 0
1 1 1 1 1
1 1 1 1 1
0 1 1 1 0
0 1 1 0 1

Round 314:
1 0 1 1 1
0 1 1 1 1
1 1 1 1 0
1 1 1 1 1
1 1 0 1 1

Round 315:
1 1 0 0 1
1 1 0 1 0
0 0 1 1 0
0 1 1 1 1
1 0 0 1 1

Round 316:
1 0 1 0 0
0 1 0 0 0
1 0 1 1 0
0 0 1 1 0
0 0 0 0 1

Round 317:
1 1 1 0 0
1 1 1 1 1
1 1 1 1 0
0 1 1 1 1
0 1 0 1 1

Round 318:
1 1 0 0 1
1 1 0 0 0
1 0 1 0 1
1 0 0 1 1
1 0 1 1 1

Round 319:
1 0 0 1 1
0 1 1 1 0
0 1 1 0 1
1 1 0 1 1
1 0 1 1 1

Round 320:
1 0 1 0 0
1 1 1 1 1
1 0 1 0 0
0 1 0 1 0
0 1 0 0 1

Round 321:
1 0 0 1 0
0 1 1 1 1
0 1 1 0 1
1 1 0 1 1
0 1 1 1 1

Round 322:
1 1 0 0 0
1 1 0 1 0
0 0 1 1 1
0 1 1 1 1
0 0 1 1 1

Round 323:
1 1 0 0 1
1 1 1 0 0
0 1 1 0 0
0 0 0 1 0
1 0 0 0 1

Round 324:
1 1 0 0 1
1 1 1 0 1
0 1 1 1 1
0 0 1 1 0
1 1 1 0 1

Round 325:
1 0 0 0 1
0 1 1 0 1
0 1 1 1 1
0 0 1 1 0
1 1 1 0 1

Round 326:
1 0 0 1 1
0 1 1 0 0
0 1 1 0 0
1 0 0 1 1
1 0 0 1 1

Round 327:
1 1 1 1 0
1 1 1 0 1
1 1 1 0 1
1 0 0 1 0
0 1 1 0 1

Round 328:
1 1 0 1 1
1 1 0 1 0
0 0 1 1 1
1 1 1 1 0
1 0 1 0 1

Round 329:
1 1 1 0 0
1 1 1 1 0
1 1 1 1 1
0 1 1 1 0
0 0 1 0 1

Round 330:
1 1 0 1 0
1 1 1 1 0
0 1 1 0 1
1 1 0 1 0
0 0 1 0 1

Round 331:
1 0 1 1 1
0 1 1 1 1
1 1 1 0 0
1 1 0 1 0
1 1 0 0 1

Round 332:
1 1 0 1 1
1 1 1 1 1
0 1 1 1 1
1 1 1 1 0
1 0 1 0 1

Round 333:
1 0 0 1 0
0 1 1 0 0
0 1 1 1 1
1 0 1 1 0
0 0 1 0 1

Round 334:
1 0 0 1 0
0 1 0 1 1
0 0 1 1 1
1 1 1 1 1
0 1 1 1 1

Round 335:
1 1 1 0 1
1 1 1 0 0
1 1 1 0 1
1 0 0 1 0
1 0 1 0 1

Round 336:
1 1 1 0 1
1 1 0 0 1
1 0 1 1 0
0 0 1 1 1
1 1 0 1 1

Round 337:
1 0 0 0 1
0 1 0 1 1
0 0 1 0 0
0 1 0 1 1
1 1 0 1 1

Round 338:
1 0 1 1 1
0 1 1 0 0
1 1 1 1 0
1 0 1 1 0
1 0 0 0 1

Round 339:
1 1 0 0 1
1 1 1 1 0
0 1 1 1 0
0 1 1 1 1
1 0 0 1 1

Round 340:
1 0 0 1 1
0 1 0 0 1
0 0 1 0 1
1 0 0 1 1
1 1 1 1 1

Round 341:
1 0 0 1 0
0 1 1 0 1
0 1 1 1 1
1 0 1 1 1
0 1 1 1 1

Round 342:
1 0 1 0 0
0 1 0 0 1
1 0 1 0 1
0 0 0 1 1
0 1 1 1 1

Round 343:
1 1 1 0 0
1 1 1 0 1
1 1 1 0 1
0 0 0 1 0
0 1 1 0 1

Round 344:
1 0 0 0 0
0 1 0 1 1
0 0 1 1 0
0 1 1 1 0
0 1 0 0 1

Round 345:
1 1 1 1 0
1 1 1 0 0
1 1 1 0 1
1 0 0 1 0
0 0 1 0 1

Round 346:
1 1 0 1 1
1 1 0 0 1
0 0 1 1 1
1 0 1 1 0
1 1 1 0 1

Round 347:
1 1 1 1 0
1 1 1 0 1
1 1 1 1 0
1 0 1 1 1
0 1 0 1 1

Round 348:
1 0 0 0 1
0 1 0 0 1
0 0 1 1 1
0 0 1 1 1
1 1 1 1 1

Round 349:
1 0 1 0 1
0 1 1 1 1
1 1 1 1 1
0 1 1 1 0
1 1 1 0 1

Round 350:
1 0 0 0 0
0 1 1 1 0
0 1 1 1 0
0 1 1 1 0
0 0 0 0 1

Round 351:
1 1 1 1 1
1 1 1 1 1
1 1 1 1 1
1 1 1 1 1
1 1 1 1 1

Round 352:
1 1 1 1 0
1 1 0 0 1
1 0 1 1 1
1 0 1 1 1
0 1 1 1 1

Round 353:
1 1 1 0 0
1 1 1 0 0
1 1 1 0 1
0 0 0 1 0
0 0 1 0 1

Round 354:
1 1 0 0 1
1 1 1 0 1
0 1 1 1 1
0 0 1 1 0
1 1 1 0 1

Round 355:
1 0 1 1 1
0 1 1 0 1
1 1 1 1 0
1 0 1 1 0
1 1 0 0 1

Round 356:
1 1 1 0 1
1 1 1 1 0
1 1 1 1 0
0 1 1 1 0
1 0 0 0 1

Round 357:
1 1 1 1 0
1 1 1 0 0
1 1 1 1 1
1 0 1 1 0
0 0 1 0 1

Round 358:
1 0 0 0 0
0 1 0 1 1
0 0 1 1 0
0 1 1 1 0
0 1 0 0 1

Round 359:
1 0 0 1 0
0 1 0 1 1
0 0 1 1 0
1 1 1 1 0
0 1 0 0 1

Round 360:
1 1 0 0 1
1 1 0 1 1
0 0 1 1 1
0 1 1 1 0
1 1 1 0 1

Round 361:
1 0 1 1 1
0 1 1 1 1
1 1 1 1 1
1 1 1 1 1
1 1 1 1 1

Round 362:
1 0 0 1 1
0 1 0 0 1
0 0 1 0 1
1 0 0 1 0
1 1 1 0 1

Round 363:
1 1 1 1 1
1 1 0 1 1
1 0 1 1 1
1 1 1 1 1
1 1 1 1 1

Round 364:
1 0 1 1 0
0 1 1 0 1
1 1 1 0 1
1 0 0 1 0
0 1 1 0 1

Round 365:
1 0 1 1 1
0 1 1 0 1
1 1 1 1 1
1 0 1 1 1
1 1 1 1 1

Round 366:
1 0 1 1 0
0 1 1 1 1
1 1 1 1 0
1 1 1 1 0
0 1 0 0 1

Round 367:
1 1 1 1 0
1 1 1 1 0
1 1 1 0 0
1 1 0 1 1
0 0 0 1 1

Round 368:
1 0 1 1 1
0 1 1 1 1
1 1 1 1 1
1 1 1 1 0
1 1 1 0 1

Round 369:
1 1 0 0 0
1 1 1 1 0
0 1 1 1 1
0 1 1 1 0
0 0 1 0 1

Round 370:
1 1 1 1 0
1 1 1 1 1
1 1 1 1 1
1 1 1 1 1
0 1 1 1 1

Round 371:
1 1 1 1 1
1 1 0 1 1
1 0 1 0 1
1 1 0 1 1
1 1 1 1 1

Round 372:
1 1 0 1 0
1 1 0 1 1
0 0 1 0 1
1 1 0 1 1
0 1 1 1 1

Round 373:
1 0 1 1 1
0 1 0 0 1
1 0 1 0 0
1 0 0 1 1
1 1 0 1 1

Round 374:
1 1 1 0 1
1 1 0 1 0
1 0 1 1 0
0 1 1 1 1
1 0 0 1 1

Round 375:
1 1 1 1 1
1 1 1 1 1
1 1 1 1 1
1 1 1 1 1
1 1 1 1 1

Round 376:
1 1 0 1 0
1 1 0 0 0
0 0 1 0 1
1 0 0 1 1
0 0 1 1 1

Round 377:
1 1 1 0 0
1 1 0 0 0
1 0 1 0 1
0 0 0 1 1
0 0 1 1 1

Round 378:
1 1 0 0 1
1 1 1 1 0
0 1 1 1 1
0 1 1 1 1
1 0 1 1 1

Round 379:
1 0 1 0 0
0 1 1 0 1
1 1 1 0 1
0 0 0 1 1
0 1 1 1 1

Round 380:
1 0 0 0 1
0 1 1 1 1
0 1 1 1 1
0 1 1 1 1
1 1 1 1 1

Round 381:
1 1 1 1 1
1 1 1 0 0
1 1 1 0 0
1 0 0 1 0
1 0 0 0 1

Round 382:
1 1 0 1 1
1 1 1 1 1
0 1 1 1 0
1 1 1 1 1
1 1 0 1 1

Round 383:
1 0 1 1 1
0 1 0 1 0
1 0 1 1 1
1 1 1 1 1
1 0 1 1 1

Round 384:
1 1 1 1 1
1 1 1 1 0
1 1 1 1 1
1 1 1 1 0
1 0 1 0 1

Round 385:
1 0 0 0 1
0 1 1 1 0
0 1 1 1 0
0 1 1 1 1
1 0 0 1 1

Round 386:
1 1 1 0 0
1 1 1 1 0
1 1 1 0 0
0 1 0 1 1
0 0 0 1 1

Round 387:
1 0 1 1 1
0 1 1 0 0
1 1 1 0 1
1 0 0 1 1
1 0 1 1 1

Round 388:
1 1 1 1 1
1 1 1 0 0
1 1 1 1 1
1 0 1 1 1
1 0 1 1 1

Round 389:
1 1 1 0 1
1 1 0 1 1
1 0 1 0 1
0 1 0 1 0
1 1 1 0 1

Round 390:
1 1 1 0 1
1 1 1 0 1
1 1 1 1 0
0 0 1 1 1
1 1 0 1 1

Round 391:
1 1 0 1 0
1 1 1 0 1
0 1 1 0 0
1 0 0 1 1
0 1 0 1 1

Round 392:
1 1 0 1 0
1 1 0 1 1
0 0 1 1 1
1 1 1 1 1
0 1 1 1 1

Round 393:
1 0 1 1 0
0 1 1 1 0
1 1 1 0 1
1 1 0 1 0
0 0 1 0 1

Round 394:
1 1 1 1 1
1 1 1 1 1
1 1 1 1 0
1 1 1 1 1
1 1 0 1 1

Round 395:
1 0 1 1 0
0 1 1 0 0
1 1 1 1 0
1 0 1 1 1
0 0 0 1 1

Round 396:
1 1 1 1 1
1 1 1 0 0
1 1 1 1 1
1 0 1 1 1
1 0 1 1 1

Round 397:
1 0 1 1 1
0 1 0 1 1
1 0 1 1 1
1 1 1 1 1
1 1 1 1 1

Round 398:
1 1 1 1 0
1 1 1 1 1
1 1 1 0 1
1 1 0 1 1
0 1 1 1 1

Round 399:
1 1 1 1 0
1 1 1 1 0
1 1 1 1 0
1 1 1 1 0
0 0 0 0 1

Round 400:
1 1 1 0 0
1 1 0 1 0
1 0 1 0 1
0 1 0 1 0
0 0 1 0 1

Round 401:
1 1 0 1 1
1 1 1 1 0
0 1 1 1 1
1 1 1 1 0
1 0 1 0 1

Round 402:
1 1 1 1 0
1 1 0 0 1
1 0 1 1 0
1 0 1 1 1
0 1 0 1 1

Round 403:
1 0 1 0 0
0 1 0 1 1
1 0 1 0 0
0 1 0 1 0
0 1 0 0 1

Round 404:
1 1 0 0 0
1 1 0 0 1
0 0 1 0 1
0 0 0 1 1
0 1 1 1 1

Round 405:
1 1 1 0 0
1 1 0 1 1
1 0 1 1 1
0 1 1 1 0
0 1 1 0 1

Round 406:
1 0 0 0 0
0 1 0 0 1
0 0 1 1 1
0 0 1 1 1
0 1 1 1 1

Round 407:
1 1 1 1 1
1 1 1 1 1
1 1 1 1 1
1 1 1 1 1
1 1 1 1 1

Round 408:
1 1 1 1 1
1 1 1 1 1
1 1 1 0 1
1 1 0 1 0
1 1 1 0 1

Round 409:
1 0 1 0 1
0 1 0 1 0
1 0 1 0 0
0 1 0 1 0
1 0 0 0 1

Round 410:
1 1 1 1 1
1 1 1 1 1
1 1 1 0 1
1 1 0 1 0
1 1 1 0 1

Round 411:
1 1 0 1 0
1 1 1 1 1
0 1 1 1 1
1 1 1 1 1
0 1 1 1 1

Round 412:
1 0 0 1 1
0 1 1 0 1
0 1 1 1 0
1 0 1 1 1
1 1 0 1 1

Round 413:
1 0 1 1 1
0 1 0 0 0
1 0 1 1 1
1 0 1 1 0
1 0 1 0 1

Round 414:
1 1 0 1 1
1 1 1 0 1
0 1 1 1 1
1 0 1 1 1
1 1 1 1 1

Round 415:
1 1 1 0 1
1 1 0 1 1
1 0 1 1 1
0 1 1 1 1
1 1 1 1 1

Round 416:
1 0 1 0 1
0 1 1 0 1
1 1 1 0 0
0 0 0 1 0
1 1 0 0 1

Round 417:
1 0 0 1 0
0 1 1 1 1
0 1 1 1 1
1 1 1 1 1
0 1 1 1 1

Round 418:
1 1 1 1 1
1 1 1 1 1
1 1 1 1 1
1 1 1 1 0
1 1 1 0 1

Round 419:
1 1 1 0 0
1 1 0 1 0
1 0 1 0 1
0 1 0 1 0
0 0 1 0 1

Round 420:
1 1 1 0 1
1 1 1 0 1
1 1 1 0 0
0 0 0 1 1
1 1 0 1 1

Round 421:
1 1 1 1 1
1 1 0 0 1
1 0 1 1 0
1 0 1 1 1
1 1 0 1 1

Round 422:
1 1 1 1 0
1 1 1 0 0
1 1 1 1 0
1 0 1 1 0
0 0 0 0 1

Round 423:
1 0 0 1 1
0 1 1 0 0
0 1 1 0 1
1 0 0 1 1
1 0 1 1 1

Round 424:
1 1 0 0 1
1 1 0 1 0
0 0 1 1 1
0 1 1 1 0
1 0 1 0 1

Round 425:
1 1 1 1 0
1 1 1 0 0
1 1 1 0 0
1 0 0 1 1
0 0 0 1 1

Round 426:
1 1 1 0 1
1 1 1 0 1
1 1 1 1 1
0 0 1 1 1
1 1 1 1 1

Round 427:
1 0 1 1 0
0 1 1 0 1
1 1 1 0 1
1 0 0 1 1
0 1 1 1 1

Round 428:
1 1 1 1 1
1 1 0 1 0
1 0 1 1 1
1 1 1 1 1
1 0 1 1 1

Round 429:
1 1 0 1 1
1 1 1 1 0
0 1 1 1 1
1 1 1 1 0
1 0 1 0 1

Round 430:
1 1 0 1 1
1 1 1 0 1
0 1 1 0 0
1 0 0 1 0
1 1 0 0 1

Round 431:
1 0 1 0 1
0 1 1 1 0
1 1 1 1 1
0 1 1 1 1
1 0 1 1 1

Round 432:
1 1 1 1 0
1 1 1 1 0
1 1 1 1 1
1 1 1 1 0
0 0 1 0 1

Round 433:
1 0 0 1 0
0 1 0 0 1
0 0 1 1 0
1 0 1 1 0
0 1 0 0 1

Round 434:
1 0 1 1 1
0 1 1 1 0
1 1 1 0 0
1 1 0 1 1
1 0 0 1 1

Round 435:
1 1 1 1 1
1 1 1 0 1
1 1 1 1 0
1 0 1 1 1
1 1 0 1 1

Round 436:
1 1 0 0 1
1 1 1 1 1
0 1 1 1 0
0 1 1 1 0
1 1 0 0 1

Round 437:
1 1 1 0 1
1 1 1 1 1
1 1 1 1 0
0 1 1 1 1
1 1 0 1 1

Round 438:
1 0 1 1 1
0 1 0 0 1
1 0 1 1 0
1 0 1 1 0
1 1 0 0 1

Round 439:
1 0 1 1 0
0 1 1 0 1
1 1 1 1 1
1 0 1 1 0
0 1 1 0 1

Round 440:
1 0 1 1 1
0 1 1 1 0
1 1 1 1 1
1 1 1 1 1
1 0 1 1 1

Round 441:
1 1 1 0 1
1 1 1 1 0
1 1 1 1 1
0 1 1 1 1
1 0 1 1 1

Round 442:
1 0 0 1 1
0 1 0 1 0
0 0 1 0 1
1 1 0 1 1
1 0 1 1 1

Round 443:
1 0 1 1 0
0 1 0 0 1
1 0 1 1 0
1 0 1 1 0
0 1 0 0 1

Round 444:
1 1 1 1 1
1 1 0 0 1
1 0 1 0 1
1 0 0 1 0
1 1 1 0 1

Round 445:
1 1 1 1 1
1 1 1 1 0
1 1 1 0 1
1 1 0 1 1
1 0 1 1 1

Round 446:
1 0 1 1 1
0 1 1 1 1
1 1 1 0 1
1 1 0 1 1
1 1 1 1 1

Round 447:
1 1 1 1 1
1 1 0 1 1
1 0 1 1 1
1 1 1 1 1
1 1 1 1 1

Round 448:
1 1 1 1 1
1 1 1 1 1
1 1 1 1 1
1 1 1 1 1
1 1 1 1 1

Round 449:
1 1 1 0 1
1 1 1 0 0
1 1 1 0 1
0 0 0 1 1
1 0 1 1 1

Round 450:
1 1 1 1 1
1 1 1 1 1
1 1 1 1 1
1 1 1 1 1
1 1 1 1 1

Round 451:
1 1 0 1 1
1 1 1 1 0
0 1 1 1 0
1 1 1 1 0
1 0 0 0 1

Round 452:
1 0 0 0 1
0 1 1 0 0
0 1 1 1 1
0 0 1 1 0
1 0 1 0 1

Round 453:
1 1 0 1 0
1 1 1 0 1
0 1 1 1 1
1 0 1 1 1
0 1 1 1 1

Round 454:
1 0 1 0 0
0 1 0 1 1
1 0 1 1 1
0 1 1 1 1
0 1 1 1 1

Round 455:
1 1 0 1 1
1 1 1 1 0
0 1 1 0 0
1 1 0 1 0
1 0 0 0 1

Round 456:
1 0 0 1 1
0 1 1 0 0
0 1 1 0 1
1 0 0 1 0
1 0 1 0 1

Round 457:
1 0 0 1 0
0 1 1 1 1
0 1 1 1 1
1 1 1 1 1
0 1 1 1 1

Round 458:
1 0 1 1 1
0 1 1 0 0
1 1 1 1 0
1 0 1 1 0
1 0 0 0 1

Round 459:
1 1 1 1 1
1 1 1 0 0
1 1 1 0 1
1 0 0 1 1
1 0 1 1 1

Round 460:
1 0 1 0 0
0 1 1 0 0
1 1 1 1 0
0 0 1 1 1
0 0 0 1 1

Round 461:
1 1 1 1 1
1 1 1 1 1
1 1 1 1 1
1 1 1 1 1
1 1 1 1 1

Round 462:
1 0 0 1 0
0 1 1 1 1
0 1 1 1 1
1 1 1 1 1
0 1 1 1 1

Round 463:
1 1 0 1 1
1 1 0 1 1
0 0 1 0 1
1 1 0 1 1
1 1 1 1 1

Round 464:
1 1 1 0 1
1 1 0 1 1
1 0 1 1 1
0 1 1 1 0
1 1 1 0 1

Round 465:
1 1 1 1 1
1 1 1 0 0
1 1 1 1 0
1 0 1 1 0
1 0 0 0 1

Round 466:
1 0 0 1 1
0 1 1 0 0
0 1 1 0 1
1 0 0 1 0
1 0 1 0 1

Round 467:
1 1 1 1 0
1 1 1 1 1
1 1 1 0 1
1 1 0 1 1
0 1 1 1 1

Round 468:
1 1 1 1 1
1 1 1 1 1
1 1 1 0 0
1 1 0 1 0
1 1 0 0 1

Round 469:
1 0 1 0 1
0 1 0 0 0
1 0 1 1 0
0 0 1 1 1
1 0 0 1 1

Round 470:
1 0 1 1 1
0 1 1 1 0
1 1 1 1 1
1 1 1 1 1
1 0 1 1 1

Round 471:
1 1 1 1 0
1 1 0 1 1
1 0 1 0 1
1 1 0 1 1
0 1 1 1 1

Round 472:
1 1 0 1 1
1 1 1 1 1
0 1 1 1 0
1 1 1 1 0
1 1 0 0 1

Round 473:
1 1 1 1 1
1 1 1 1 1
1 1 1 0 1
1 1 0 1 1
1 1 1 1 1

Round 474:
1 1 1 1 0
1 1 1 1 0
1 1 1 0 1
1 1 0 1 1
0 0 1 1 1

Round 475:
1 0 1 1 0
0 1 0 1 1
1 0 1 1 0
1 1 1 1 0
0 1 0 0 1

Round 476:
1 1 1 1 1
1 1 1 0 1
1 1 1 1 1
1 0 1 1 1
1 1 1 1 1

Round 477:
1 0 1 0 1
0 1 1 1 1
1 1 1 1 1
0 1 1 1 0
1 1 1 0 1

Round 478:
1 1 0 1 0
1 1 1 0 1
0 1 1 0 1
1 0 0 1 1
0 1 1 1 1

Round 479:
1 1 1 0 1
1 1 0 0 0
1 0 1 1 0
0 0 1 1 1
1 0 0 1 1

Round 480:
1 0 1 1 1
0 1 1 1 0
1 1 1 0 1
1 1 0 1 1
1 0 1 1 1

Round 481:
1 1 1 1 1
1 1 0 1 0
1 0 1 0 1
1 1 0 1 0
1 0 1 0 1

Round 482:
1 1 0 0 0
1 1 1 1 1
0 1 1 1 1
0 1 1 1 1
0 1 1 1 1

Round 483:
1 0 0 0 1
0 1 1 1 0
0 1 1 0 0
0 1 0 1 1
1 0 0 1 1

Round 484:
1 1 1 1 0
1 1 0 1 1
1 0 1 0 1
1 1 0 1 1
0 1 1 1 1

Round 485:
1 1 1 1 1
1 1 0 1 1
1 0 1 1 0
1 1 1 1 1
1 1 0 1 1

Round 486:
1 0 1 0 0
0 1 1 0 1
1 1 1 0 1
0 0 0 1 1
0 1 1 1 1

Round 487:
1 1 1 1 0
1 1 0 1 0
1 0 1 1 0
1 1 1 1 1
0 0 0 1 1

Round 488:
1 1 1 1 1
1 1 1 1 1
1 1 1 1 1
1 1 1 1 0
1 1 1 0 1

Round 489:
1 1 0 0 1
1 1 1 1 0
0 1 1 1 1
0 1 1 1 0
1 0 1 0 1

Round 490:
1 1 0 1 1
1 1 1 1 0
0 1 1 1 1
1 1 1 1 0
1 0 1 0 1

Round 491:
1 1 0 0 1
1 1 0 1 0
0 0 1 1 1
0 1 1 1 1
1 0 1 1 1

Round 492:
1 1 1 1 0
1 1 1 0 1
1 1 1 1 0
1 0 1 1 1
0 1 0 1 1

Round 493:
1 1 1 0 0
1 1 0 0 0
1 0 1 1 0
0 0 1 1 1
0 0 0 1 1

Round 494:
1 1 1 1 1
1 1 1 1 0
1 1 1 1 1
1 1 1 1 0
1 0 1 0 1

Round 495:
1 0 1 1 0
0 1 1 1 1
1 1 1 1 1
1 1 1 1 1
0 1 1 1 1

Round 496:
1 1 0 0 1
1 1 1 1 0
0 1 1 0 0
0 1 0 1 1
1 0 0 1 1

Round 497:
1 0 1 0 1
0 1 1 1 0
1 1 1 0 1
0 1 0 1 1
1 0 1 1 1

Round 498:
1 1 0 0 1
1 1 0 1 1
0 0 1 1 0
0 1 1 1 1
1 1 0 1 1

Round 499:
1 1 1 1 1
1 1 0 0 1
1 0 1 0 0
1 0 0 1 1
1 1 0 1 1

Round 500:
1 1 1 1 0
1 1 0 1 0
1 0 1 0 1
1 1 0 1 1
0 0 1 1 1

