Round 1:
1 0 1 1 0 0 1 1 1 1
0 1 1 1 0 1 0 1 1 1
1 1 1 1 0 1 0 0 0 0
1 1 1 1 1 1 1 1 1 1
1 0 0 1 1 1 0 0 1 0
0 1 1 1 1 1 1 1 1 1
1 0 0 1 0 1 1 0 1 0
1 1 0 1 0 1 0 1 1 0
1 1 0 1 1 1 1 1 1 0
1 1 0 1 0 1 0 0 0 1

Round 2:
1 0 1 1 1 1 1 0 1 1
0 1 1 0 1 0 1 1 1 0
1 1 1 0 0 1 1 1 1 1
1 0 0 1 1 1 0 1 1 0
1 1 0 1 1 1 0 0 1 0
1 0 1 1 1 1 1 0 0 1
1 1 1 0 0 1 1 1 0 1
0 1 1 1 0 0 1 1 1 1
1 1 1 1 1 0 0 1 1 1
1 0 1 0 0 1 1 1 1 1

Round 3:
1 1 1 1 0 1 1 1 0 1
1 1 0 1 0 0 1 1 1 0
0 0 1 0 1 1 1 1 0 1
1 1 0 1 1 0 1 1 1 0
0 0 1 1 1 1 1 0 1 1
1 0 1 0 1 1 1 1 1 0
1 1 1 1 1 1 1 1 1 1
1 1 1 1 0 1 1 1 0 1
0 1 0 1 1 1 1 0 1 0
1 0 1 0 1 0 1 1 0 1

Round 4:
1 1 1 1 1 0 0 1 1 0
1 1 0 1 0 1 1 0 0 1
1 0 1 1 0 1 1 1 1 0
1 1 1 1 0 1 0 1 0 1
1 0 1 0 1 1 1 1 1 0
0 1 1 1 1 1 0 1 1 1
0 1 1 0 1 0 1 0 0 0
1 0 1 1 1 1 0 1 0 1
1 0 1 0 1 1 1 0 1 0
0 1 0 1 0 1 0 1 0 1

Round 5:
1 0 1 1 0 1 1 0 1 1
0 1 1 0 1 0 1 0 0 0
1 1 1 1 0 1 0 1 0 1
1 0 1 1 0 1 0 0 0 1
0 1 0 1 1 1 0 1 0 0
1 0 0 1 1 1 1 1 1 1
1 1 1 0 0 1 1 0 1 0
0 1 0 1 1 1 0 1 1 0
1 0 0 0 0 1 1 1 1 1
1 0 1 1 0 1 0 0 1 1

Round 6:
1 0 1 1 0 1 1 1 1 0
0 1 0 1 1 1 1 1 0 0
1 0 1 1 1 1 0 1 1 1
1 1 1 1 0 1 0 1 0 1
0 1 1 0 1 0 0 1 1 0
1 1 1 1 0 1 1 0 1 1
1 1 0 1 0 1 1 1 1 0
1 1 1 1 1 0 1 1 1 1
1 0 1 0 1 1 1 1 1 0
0 0 1 1 0 1 0 1 0 1

Round 7:
1 0 1 1 0 0 1 1 1 0
0 1 0 1 1 1 1 0 1 0
1 0 1 1 1 1 0 1 0 1
1 1 1 1 1 1 1 0 1 1
0 1 1 1 1 0 0 1 1 0
0 1 1 1 0 1 1 1 1 0
1 1 0 1 0 1 1 1 1 0
1 0 1 0 1 1 1 1 0 1
1 1 0 1 1 1 1 0 1 0
1 0 1 1 0 0 0 1 0 1

Round 8:
1 0 1 0 1 0 0 1 0 1
0 1 0 1 0 1 1 0 1 0
1 0 1 1 1 1 1 0 1 1
0 1 1 1 1 1 1 0 1 1
1 0 1 1 1 0 1 1 1 1
0 1 1 1 0 1 1 1 0 0
0 1 1 1 1 1 1 1 1 1
1 0 1 0 1 1 1 1 1 0
0 1 1 1 1 0 1 1 1 1
1 0 1 1 1 0 1 0 1 1

Round 9:
1 1 0 0 1 0 1 1 1 0
1 1 1 0 0 0 1 1 0 0
0 1 1 1 1 0 0 1 1 1
0 0 1 1 0 1 1 1 1 0
1 0 1 0 1 1 0 0 1 1
0 0 0 1 1 1 1 0 1 1
1 1 0 1 0 1 1 1 0 1
1 1 1 1 0 0 1 1 1 1
1 0 1 1 1 1 0 1 1 0
0 0 1 0 1 1 1 1 0 1

Round 10:
1 0 1 1 0 1 1 1 0 1
0 1 0 1 0 1 1 0 0 1
1 0 1 1 1 0 1 1 1 1
1 1 1 1 1 1 1 0 1 1
0 0 1 1 1 1 1 1 0 0
1 1 0 1 1 1 1 1 1 1
1 1 1 1 1 1 1 1 1 1
1 0 1 0 1 1 1 1 0 1
0 0 1 1 0 1 1 0 1 0
1 1 1 1 0 1 1 1 0 1

Round 11:
1 0 1 0 1 0 1 1 1 1
0 1 0 1 0 1 1 0 0 0
1 0 1 0 1 1 0 0 1 1
0 1 0 1 0 1 0 0 1 0
1 0 1 0 1 1 1 0 1 1
0 1 1 1 1 1 1 0 0 0
1 1 0 0 1 1 1 1 1 0
1 0 0 0 0 0 1 1 1 0
1 0 1 1 1 0 1 1 1 1
1 0 1 0 1 0 0 0 1 1

Round 12:
1 1 1 0 0 1 1 1 0 0
1 1 1 1 1 1 1 1 1 0
1 1 1 1 1 1 0 1 1 0
0 1 1 1 1 0 1 1 1 1
0 1 1 1 1 0 0 0 0 1
1 1 1 0 0 1 1 0 0 0
1 1 0 1 0 1 1 0 1 0
1 1 1 1 0 0 0 1 1 0
0 1 1 1 0 0 1 1 1 1
0 0 0 1 1 0 0 0 1 1

Round 13:
1 0 1 1 1 1 0 1 1 1
0 1 1 1 0 1 0 1 1 0
1 1 1 0 1 1 1 0 1 1
1 1 0 1 1 0 1 0 1 0
1 0 1 1 1 0 1 1 1 1
1 1 1 0 0 1 0 1 1 0
0 0 1 1 1 0 1 0 1 1
1 1 0 0 1 1 0 1 0 0
1 1 1 1 1 1 1 0 1 1
1 0 1 0 1 0 1 0 1 1

Round 14:
1 1 0 0 0 1 0 0 0 1
1 1 0 1 0 1 1 1 1 0
0 0 1 1 1 1 0 0 0 0
0 1 1 1 0 1 1 0 0 0
0 0 1 0 1 1 0 1 0 1
0 1 1 0 1 1 0 0 0 1
0 1 0 1 0 0 1 1 0 0
0 1 0 0 1 0 1 1 0 1
0 1 0 0 0 0 0 0 1 0
1 0 0 0 1 1 0 1 0 1

Round 15:
1 1 1 1 0 0 1 1 1 0
1 1 1 1 0 1 0 1 1 0
1 1 1 0 1 0 0 1 0 0
1 1 0 1 0 1 1 1 0 0
0 0 1 0 1 1 1 1 1 0
0 1 0 1 1 1 0 0 0 1
1 0 0 1 1 0 1 1 1 1
1 1 1 1 1 0 1 1 0 0
1 1 0 0 1 0 1 0 1 1
0 0 0 0 0 1 1 0 1 1

Round 16:
1 1 0 0 1 1 1 0 0 1
1 1 0 0 1 0 0 0 1 1
0 0 1 1 0 0 0 1 1 1
0 0 1 1 1 0 0 1 1 0
1 1 0 1 1 0 1 0 1 1
1 0 0 0 0 1 1 1 1 0
1 0 0 0 1 1 1 1 1 1
0 0 1 1 0 1 1 1 0 1
0 1 1 1 1 1 1 0 1 1
1 1 1 0 1 0 1 1 1 1

Round 17:
1 1 0 1 0 1 1 1 0 1
1 1 1 0 0 0 0 0 0 0
0 1 1 0 0 1 0 0 0 0
1 0 0 1 1 1 0 1 1 0
0 0 0 1 1 0 1 1 1 0
1 0 1 1 0 1 0 1 1 1
1 0 0 0 1 0 1 1 1 1
1 0 0 1 1 1 1 1 0 1
0 0 0 1 1 1 1 0 1 1
1 0 0 0 0 1 1 1 1 1

Round 18:
1 1 1 1 1 1 1 0 1 1
1 1 1 1 1 1 0 0 0 1
1 1 1 0 0 1 0 1 0 0
1 1 0 1 0 0 0 1 1 0
1 1 0 0 1 0 1 1 0 0
1 1 1 0 0 1 0 0 1 1
1 0 0 0 1 0 1 1 1 0
0 0 1 1 1 0 1 1 1 1
1 0 0 1 0 1 1 1 1 1
1 1 0 0 0 1 0 1 1 1

Round 19:
1 1 1 0 0 0 0 0 0 1
1 1 1 1 1 0 1 1 1 1
1 1 1 0 1 1 0 0 1 0
0 1 0 1 1 0 1 1 0 0
0 1 1 1 1 1 1 1 1 0
0 0 1 0 1 1 1 0 0 1
0 1 0 1 1 1 1 1 1 0
0 1 0 1 1 0 1 1 0 1
0 1 1 0 1 0 1 0 1 0
1 1 0 0 0 1 0 1 0 1

Round 20:
1 0 1 1 1 1 1 1 1 1
0 1 1 0 1 0 1 0 1 0
1 1 1 1 1 1 0 0 1 0
1 0 1 1 1 1 1 1 0 1
1 1 1 1 1 0 1 0 0 1
1 0 1 1 0 1 1 1 0 0
1 1 0 1 1 1 1 1 0 1
1 0 0 1 0 1 1 1 1 1
1 1 1 0 0 0 0 1 1 0
1 0 0 1 1 0 1 1 0 1

Round 21:
1 1 1 1 0 0 0 1 1 1
1 1 0 0 1 0 0 1 0 0
1 0 1 0 1 1 1 0 0 1
1 0 0 1 1 0 0 0 0 1
0 1 1 1 1 1 1 0 1 1
0 0 1 0 1 1 0 0 0 1
0 0 1 0 1 0 1 0 1 1
1 1 0 0 0 0 0 1 0 1
1 0 0 0 1 0 1 0 1 0
1 0 1 1 1 1 1 1 0 1

Round 22:
1 0 1 0 0 0 0 1 1 0
0 1 0 0 0 0 0 1 0 1
1 0 1 0 1 1 0 1 1 0
0 0 0 1 0 1 1 1 0 1
0 0 1 0 1 1 0 1 0 1
0 0 1 1 1 1 0 0 0 0
0 0 0 1 0 0 1 0 1 1
1 1 1 1 1 0 0 1 0 1
1 0 1 0 0 0 1 0 1 1
0 1 0 1 1 0 1 1 1 1

Round 23:
1 1 0 0 0 0 1 0 1 1
1 1 0 0 0 1 0 1 1 1
0 0 1 0 1 1 1 1 0 1
0 0 0 1 1 0 0 0 1 1
0 0 1 1 1 1 0 0 0 1
0 1 1 0 1 1 0 0 1 0
1 0 1 0 0 0 1 0 1 1
0 1 1 0 0 0 0 1 0 0
1 1 0 1 0 1 1 0 1 1
1 1 1 1 1 0 1 0 1 1

Round 24:
1 0 1 1 0 1 0 0 0 0
0 1 0 1 1 0 1 1 0 1
1 0 1 1 1 1 1 1 1 1
1 1 1 1 1 1 0 0 1 0
0 1 1 1 1 0 0 1 0 1
1 0 1 1 0 1 1 0 1 1
0 1 1 0 0 1 1 1 1 0
0 1 1 0 1 0 1 1 1 0
0 0 1 1 0 1 1 1 1 1
0 1 1 0 1 1 0 0 1 1

Round 25:
1 1 0 1 1 1 1 1 1 0
1 1 1 0 0 0 1 0 0 1
0 1 1 1 0 0 0 0 1 1
1 0 1 1 1 0 1 0 1 0
1 0 0 1 1 1 1 0 0 1
1 0 0 0 1 1 0 1 1 0
1 1 0 1 1 0 1 1 1 1
1 0 0 0 0 1 1 1 0 0
1 0 1 1 0 1 1 0 1 1
0 1 1 0 1 0 1 0 1 1

Round 26:
1 1 1 1 1 1 0 1 1 0
1 1 1 0 0 0 1 0 1 1
1 1 1 1 0 1 1 1 1 1
1 0 1 1 0 1 1 0 0 1
1 0 0 0 1 1 1 0 0 1
1 0 1 1 1 1 0 1 1 1
0 1 1 1 1 0 1 0 0 0
1 0 1 0 0 1 0 1 1 0
1 1 1 0 0 1 0 1 1 1
0 1 1 1 1 1 0 0 1 1

Round 27:
1 1 0 1 1 0 1 1 0 0
1 1 1 0 0 0 1 1 1 0
0 1 1 1 1 1 1 1 0 1
1 0 1 1 1 1 1 1 1 1
1 0 1 1 1 0 1 0 0 1
0 0 1 1 0 1 1 1 1 1
1 1 1 1 1 1 1 1 1 1
1 1 1 1 0 1 1 1 1 1
0 1 0 1 0 1 1 1 1 1
0 0 1 1 1 1 1 1 1 1

Round 28:
1 0 1 1 0 0 1 1 1 0
0 1 0 1 0 0 1 0 0 0
1 0 1 1 0 0 0 1 1 0
1 1 1 1 0 1 1 0 1 1
0 0 0 0 1 1 1 0 0 1
0 0 0 1 1 1 0 1 1 0
1 1 0 1 1 0 1 0 1 1
1 0 1 0 0 1 0 1 1 0
1 0 1 1 0 1 1 1 1 0
0 0 0 1 1 0 1 0 0 1

Round 29:
1 1 0 1 0 1 1 1 1 1
1 1 0 1 1 1 0 1 1 0
0 0 1 1 1 0 1 1 1 0
1 1 1 1 0 0 0 1 1 0
0 1 1 0 1 1 1 0 1 1
1 1 0 0 1 1 1 1 1 1
1 0 1 0 1 1 1 1 1 1
1 1 1 1 0 1 1 1 1 1
1 1 1 1 1 1 1 1 1 0
1 0 0 0 1 1 1 1 0 1

Round 30:
1 0 1 0 1 1 1 1 0 1
0 1 1 0 1 1 1 1 1 1
1 1 1 1 0 1 0 1 0 1
0 0 1 1 1 1 1 0 1 1
1 1 0 1 1 1 0 0 0 1
1 1 1 1 1 1 1 0 1 1
1 1 0 1 0 1 1 1 1 1
1 1 1 0 0 0 1 1 0 0
0 1 0 1 0 1 1 0 1 1
1 1 1 1 1 1 1 0 1 1

Round 31:
1 1 0 0 1 1 1 0 1 0
1 1 1 0 0 0 1 1 1 1
0 1 1 0 0 1 1 1 1 1
0 0 0 1 1 0 0 1 1 0
1 0 0 1 1 1 1 1 1 1
1 0 1 0 1 1 1 0 1 0
1 1 1 0 1 1 1 1 1 1
0 1 1 1 1 0 1 1 1 0
1 1 1 1 1 1 1 1 1 1
0 1 1 0 1 0 1 0 1 1

Round 32:
1 0 1 0 1 0 0 1 1 0
0 1 1 0 1 1 1 1 0 1
1 1 1 1 1 1 0 1 0 1
0 0 1 1 1 1 1 1 0 1
1 1 1 1 1 0 0 1 1 1
0 1 1 1 0 1 1 1 1 1
0 1 0 1 0 1 1 1 0 1
1 1 1 1 1 1 1 1 0 0
1 0 0 0 1 1 0 0 1 1
0 1 1 1 1 1 1 0 1 1

Round 33:
1 1 1 1 1 1 0 1 0 1
1 1 0 1 1 0 0 1 0 0
1 0 1 0 1 1 0 1 0 1
1 1 0 1 1 0 1 0 0 1
1 1 1 1 1 1 0 1 0 1
1 0 1 0 1 1 1 1 0 1
0 0 0 1 0 1 1 0 1 0
1 1 1 0 1 1 0 1 0 1
0 0 0 0 0 0 1 0 1 0
1 0 1 1 1 1 0 1 0 1

Round 34:
1 1 1 1 0 1 1 1 1 1
1 1 0 1 1 1 1 0 0 0
1 0 1 1 0 0 0 0 1 0
1 1 1 1 1 1 0 1 1 1
0 1 0 1 1 1 1 1 0 0
1 1 0 1 1 1 1 1 0 1
1 1 0 0 1 1 1 0 1 1
1 0 0 1 1 1 0 1 1 1
1 0 1 1 0 0 1 1 1 0
1 0 0 1 0 1 1 1 0 1

Round 35:
1 1 1 1 0 0 1 1 1 1
1 1 1 1 1 1 0 0 1 1
1 1 1 1 0 0 1 1 1 1
1 1 1 1 0 1 1 1 1 0
0 1 0 0 1 1 1 0 1 1
0 1 0 1 1 1 1 1 1 1
1 0 1 1 1 1 1 0 1 0
1 0 1 1 0 1 0 1 1 0
1 1 1 1 1 1 1 1 1 1
1 1 1 0 1 1 0 0 1 1

Round 36:
1 0 1 1 1 1 0 0 0 0
0 1 1 0 1 0 1 0 1 1
1 1 1 0 0 1 0 0 0 0
1 0 0 1 1 0 0 0 1 1
1 1 0 1 1 0 1 1 1 1
1 0 1 0 0 1 0 1 1 1
0 1 0 0 1 0 1 0 1 0
0 0 0 0 1 1 0 1 1 0
0 1 0 1 1 1 1 1 1 0
0 1 0 1 1 1 0 0 0 1

Round 37:
1 1 0 0 0 0 0 0 1 1
1 1 0 0 1 1 1 1 0 0
0 0 1 1 1 0 0 1 1 0
0 0 1 1 1 0 1 1 0 1
0 1 1 1 1 1 1 0 1 1
0 1 0 0 1 1 1 0 1 1
0 1 0 1 1 1 1 0 0 0
0 1 1 1 0 0 0 1 1 0
1 0 1 0 1 1 0 1 1 1
1 0 0 1 1 1 0 0 1 1

Round 38:
1 0 1 0 0 1 1 1 1 1
0 1 0 1 0 0 1 0 0 1
1 0 1 1 1 1 0 1 0 1
0 1 1 1 1 1 1 1 0 0
0 0 1 1 1 1 0 0 1 0
1 0 1 1 1 1 0 1 0 1
1 1 0 1 0 0 1 1 0 0
1 0 1 1 0 1 1 1 0 1
1 0 0 0 1 0 0 0 1 1
1 1 1 0 0 1 0 1 1 1

Round 39:
1 0 1 1 0 0 1 1 1 1
0 1 1 1 1 1 1 0 1 0
1 1 1 0 0 1 1 1 1 1
1 1 0 1 0 1 1 0 1 1
0 1 0 0 1 0 1 1 0 1
0 1 1 1 0 1 0 0 1 1
1 1 1 1 1 0 1 0 0 0
1 0 1 0 1 0 0 1 1 1
1 1 1 1 0 1 0 1 1 0
1 0 1 1 1 1 0 1 0 1

Round 40:
1 1 1 0 1 0 1 1 0 1
1 1 0 0 0 1 1 1 0 1
1 0 1 0 1 1 0 1 1 1
0 0 0 1 0 0 1 0 1 1
1 0 1 0 1 0 1 1 1 1
0 1 1 0 0 1 0 1 0 1
1 1 0 1 1 0 1 0 0 0
1 1 1 0 1 1 0 1 1 1
0 0 1 1 1 0 0 1 1 1
1 1 1 1 1 1 0 1 1 1

Round 41:
1 1 1 0 1 1 1 1 0 0
1 1 1 1 0 0 1 1 1 1
1 1 1 1 1 1 0 0 1 1
0 1 1 1 1 0 0 1 1 0
1 0 1 1 1 0 0 1 0 1
1 0 1 0 0 1 1 1 1 1
1 1 0 0 0 1 1 1 1 0
1 1 0 1 1 1 1 1 0 0
0 1 1 1 0 1 1 0 1 0
0 1 1 0 1 1 0 0 0 1

Round 42:
1 0 0 0 1 1 1 1 0 0
0 1 1 0 0 0 0 0 1 1
0 1 1 1 1 0 0 1 1 1
0 0 1 1 0 0 0 1 1 1
1 0 1 0 1 1 1 1 0 1
1 0 0 0 1 1 0 1 1 1
1 0 0 0 1 0 1 1 0 1
1 0 1 1 1 1 1 1 1 1
0 1 1 1 0 1 0 1 1 0
0 1 1 1 1 1 1 1 0 1

Round 43:
1 1 0 0 0 1 1 0 1 0
1 1 0 1 1 0 0 0 0 0
0 0 1 1 1 0 1 0 0 1
0 1 1 1 0 0 0 1 0 1
0 1 1 0 1 1 1 1 0 1
1 0 0 0 1 1 1 1 1 0
1 0 1 0 1 1 1 1 0 1
0 0 0 1 1 1 1 1 0 1
1 0 0 0 0 1 0 0 1 1
0 0 1 1 1 0 1 1 1 1

Round 44:
1 1 0 1 1 1 1 1 1 1
1 1 1 1 0 1 1 1 0 1
0 1 1 0 1 0 1 1 0 0
1 1 0 1 1 1 0 1 1 0
1 0 1 1 1 1 1 1 0 0
1 1 0 1 1 1 0 0 0 1
1 1 1 0 1 0 1 0 1 0
1 1 1 1 1 0 0 1 1 1
1 0 0 1 0 0 1 1 1 0
1 1 0 0 0 1 0 1 0 1

Round 45:
1 0 1 1 1 1 1 1 0 0
0 1 1 1 1 1 0 1 1 1
1 1 1 0 1 0 1 1 1 0
1 1 0 1 0 1 0 1 0 1
1 1 1 0 1 0 0 1 1 0
1 1 0 1 0 1 1 1 1 0
1 0 1 0 0 1 1 1 1 1
1 1 1 1 1 1 1 1 0 1
0 1 1 0 1 1 1 0 1 1
0 1 0 1 0 0 1 1 1 1

Round 46:
1 0 0 1 0 0 0 0 0 1
0 1 0 0 0 1 1 0 1 1
0 0 1 1 1 1 0 1 1 0
1 0 1 1 0 0 1 0 0 1
0 0 1 0 1 1 1 0 1 0
0 1 1 0 1 1 1 0 0 1
0 1 0 1 1 1 1 1 0 0
0 0 1 0 0 0 1 1 0 0
0 1 1 0 1 0 0 0 1 1
1 1 0 1 0 1 0 0 1 1

Round 47:
1 1 0 1 1 0 1 1 1 0
1 1 1 0 0 0 1 1 0 0
0 1 1 1 1 1 1 1 0 1
1 0 1 1 0 1 0 1 0 0
1 0 1 0 1 1 0 1 1 1
0 0 1 1 1 1 0 1 0 1
1 1 1 0 0 0 1 1 1 0
1 1 1 1 1 1 1 1 1 1
1 0 0 0 1 0 1 1 1 1
0 0 1 0 1 1 0 1 1 1

Round 48:
1 1 1 0 1 1 0 1 0 0
1 1 1 0 1 0 0 1 1 0
1 1 1 1 0 1 1 0 1 1
0 0 1 1 1 1 1 0 1 1
1 1 0 1 1 0 1 1 0 1
1 0 1 1 0 1 1 1 1 0
0 0 1 1 1 1 1 1 1 0
1 1 0 0 1 1 1 1 0 0
0 1 1 1 0 1 1 0 1 0
0 0 1 1 1 0 0 0 0 1

Round 49:
1 0 1 1 1 1 0 1 1 1
0 1 1 1 1 1 1 1 0 1
1 1 1 1 1 0 0 1 0 0
1 1 1 1 0 1 1 1 1 1
1 1 1 0 1 1 1 1 0 1
1 1 0 1 1 1 1 1 0 1
0 1 0 1 1 1 1 1 1 0
1 1 1 1 1 1 1 1 1 1
1 0 0 1 0 0 1 1 1 0
1 1 0 1 1 1 0 1 0 1

Round 50:
1 0 1 1 1 1 1 0 0 1
0 1 0 1 1 0 0 1 1 1
1 0 1 0 1 1 1 1 1 0
1 1 0 1 1 0 0 1 1 1
1 1 1 1 1 1 0 1 1 1
1 0 1 0 1 1 0 1 1 1
1 0 1 0 0 0 1 1 0 1
0 1 1 1 1 1 1 1 1 1
0 1 1 1 1 1 0 1 1 0
1 1 0 1 1 1 1 1 0 1

Round 51:
1 1 1 0 1 1 1 1 0 1
1 1 0 0 0 0 1 1 1 0
1 0 1 0 1 1 1 0 1 1
0 0 0 1 0 1 1 1 0 1
1 0 1 0 1 1 1 1 0 1
1 0 1 1 1 1 1 1 1 0
1 1 1 1 1 1 1 1 1 1
1 1 0 1 1 1 1 1 1 1
0 1 1 0 0 1 1 1 1 1
1 0 1 1 1 0 1 1 1 1

Round 52:
1 1 1 1 0 1 0 0 1 1
1 1 1 1 1 1 1 0 1 0
1 1 1 0 1 0 0 0 1 1
1 1 0 1 1 1 1 0 1 1
0 1 1 1 1 1 0 0 0 1
1 1 0 1 1 1 1 0 1 1
0 1 0 1 0 1 1 1 0 0
0 0 0 0 0 0 1 1 1 0
1 1 1 1 0 1 0 1 1 1
1 0 1 1 1 1 0 0 1 1

Round 53:
1 1 1 1 0 1 0 1 0 1
1 1 1 1 0 0 0 1 0 1
1 1 1 1 1 1 0 1 1 0
1 1 1 1 0 0 1 1 0 0
0 0 1 0 1 0 0 1 1 1
1 0 1 0 0 1 1 0 0 1
0 0 0 1 0 1 1 1 1 0
1 1 1 1 1 0 1 1 0 1
0 0 1 0 1 0 1 0 1 1
1 1 0 0 1 1 0 1 1 1

Round 54:
1 1 1 0 1 0 0 1 0 1
1 1 0 1 1 0 1 0 1 1
1 0 1 1 0 0 0 1 0 1
0 1 1 1 0 1 0 1 1 1
1 1 0 0 1 1 1 1 0 1
0 0 0 1 1 1 0 1 1 0
0 1 0 0 1 0 1 1 1 1
1 0 1 1 1 1 1 1 1 0
0 1 0 1 0 1 1 1 1 1
1 1 1 1 1 0 1 0 1 1

Round 55:
1 1 0 0 0 0 0 1 0 1
1 1 1 1 1 1 1 1 1 0
0 1 1 1 1 0 1 1 0 1
0 1 1 1 1 1 1 1 1 0
0 1 1 1 1 1 0 1 0 0
0 1 0 1 1 1 1 0 1 1
0 1 1 1 0 1 1 1 0 0
1 1 1 1 1 0 1 1 0 1
0 1 0 1 0 1 0 0 1 1
1 0 1 0 0 1 0 1 1 1

Round 56:
1 1 1 1 0 1 1 1 0 0
1 1 1 1 0 1 1 1 1 0
1 1 1 0 1 0 0 0 1 0
1 1 0 1 1 1 0 1 0 1
0 0 1 1 1 1 1 0 0 1
1 1 0 1 1 1 1 1 0 1
1 1 0 0 1 1 1 1 1 0
1 1 0 1 0 1 1 1 0 0
0 1 1 0 0 0 1 0 1 1
0 0 0 1 1 1 0 0 1 1

Round 57:
1 1 0 1 1 1 1 0 0 0
1 1 0 0 1 0 0 1 0 1
0 0 1 0 1 0 0 1 1 0
1 0 0 1 1 1 1 0 1 0
1 1 1 1 1 1 0 1 0 1
1 0 0 1 1 1 0 0 0 1
1 0 0 1 0 0 1 1 0 1
0 1 1 0 1 0 1 1 0 1
0 0 1 1 0 0 0 0 1 1
0 1 0 0 1 1 1 1 1 1

Round 58:
1 1 1 0 0 0 1 1 1 1
1 1 0 0 1 0 0 1 0 1
1 0 1 1 1 0 1 1 1 1
0 0 1 1 1 0 0 1 0 0
0 1 1 1 1 1 1 1 1 0
0 0 0 0 1 1 1 0 1 1
1 0 1 0 1 1 1 1 1 0
1 1 1 1 1 0 1 1 0 1
1 0 1 0 1 1 1 0 1 1
1 1 1 0 0 1 0 1 1 1

Round 59:
1 0 0 1 0 0 0 1 1 0
0 1 1 1 1 1 0 0 0 0
0 1 1 0 1 0 1 0 1 1
1 1 0 1 1 1 1 1 0 1
0 1 1 1 1 0 0 0 0 0
0 1 0 1 0 1 1 0 1 0
0 0 1 1 0 1 1 0 1 0
1 0 0 1 0 0 0 1 1 0
1 0 1 0 0 1 1 1 1 1
0 0 1 1 0 0 0 0 1 1

Round 60:
1 1 0 0 0 1 0 0 1 1
1 1 1 0 1 0 0 1 0 1
0 1 1 0 0 1 0 1 0 0
0 0 0 1 1 0 0 1 0 1
0 1 0 1 1 0 1 1 1 0
1 0 1 0 0 1 1 1 1 0
0 0 0 0 1 1 1 0 0 1
0 1 1 1 1 1 0 1 1 0
1 0 0 0 1 1 0 1 1 0
1 1 0 1 0 0 1 0 0 1

Round 61:
1 1 0 1 0 0 0 1 1 0
1 1 1 1 0 1 1 0 1 1
0 1 1 0 1 0 0 1 0 0
1 1 0 1 0 1 0 1 1 0
0 0 1 0 1 1 0 1 1 0
0 1 0 1 1 1 1 1 1 0
0 1 0 0 0 1 1 1 0 1
1 0 1 1 1 1 1 1 1 1
1 1 0 1 1 1 0 1 1 1
0 1 0 0 0 0 1 1 1 1

Round 62:
1 0 1 0 1 1 1 0 1 1
0 1 1 0 0 1 1 1 0 1
1 1 1 1 1 1 0 1 0 0
0 0 1 1 0 1 1 1 1 0
1 0 1 0 1 1 0 0 1 0
1 1 1 1 1 1 0 0 1 1
1 1 0 1 0 0 1 0 0 0
0 1 1 1 0 0 0 1 1 0
1 0 0 1 1 1 0 1 1 0
1 1 0 0 0 1 0 0 0 1

Round 63:
1 0 0 0 0 1 0 0 0 1
0 1 1 1 1 1 0 0 0 1
0 1 1 1 0 0 1 1 1 1
0 1 1 1 0 1 0 1 1 0
0 1 0 0 1 0 1 1 1 1
1 1 0 1 0 1 0 0 0 1
0 0 1 0 1 0 1 1 0 0
0 0 1 1 1 0 1 1 0 1
0 0 1 1 1 0 0 0 1 0
1 1 1 0 1 1 0 1 0 1

Round 64:
1 1 0 1 0 1 1 1 0 0
1 1 1 1 0 0 0 0 1 1
0 1 1 0 1 0 0 0 0 1
1 1 0 1 1 0 0 1 1 0
0 0 1 1 1 0 0 1 0 1
1 0 0 0 0 1 1 0 1 1
1 0 0 0 0 1 1 1 0 0
1 0 0 1 1 0 1 1 1 1
0 1 0 1 0 1 0 1 1 1
0 1 1 0 1 1 0 1 1 1

Round 65:
1 1 0 1 0 1 1 0 1 1
1 1 1 1 1 0 0 0 0 1
0 1 1 0 1 0 0 1 0 0
1 1 0 1 0 0 0 1 1 1
0 1 1 0 1 1 1 0 1 1
1 0 0 0 1 1 1 1 0 0
1 0 0 0 1 1 1 1 1 1
0 0 1 1 0 1 1 1 1 1
1 0 0 1 1 0 1 1 1 1
1 1 0 1 1 0 1 1 1 1

Round 66:
1 1 0 0 1 1 0 1 0 1
1 1 0 0 1 0 1 0 1 0
0 0 1 1 1 1 0 0 0 1
0 0 1 1 1 1 0 1 1 0
1 1 1 1 1 1 0 1 0 1
1 0 1 1 1 1 0 1 0 1
0 1 0 0 0 0 1 1 1 0
1 0 0 1 1 1 1 1 1 1
0 1 0 1 0 0 1 1 1 1
1 0 1 0 1 1 0 1 1 1

Round 67:
1 1 0 0 1 1 0 1 1 1
1 1 0 1 1 1 1 1 0 1
0 0 1 1 0 0 1 1 1 0
0 1 1 1 0 1 1 1 1 0
1 1 0 0 1 0 1 0 0 0
1 1 0 1 0 1 1 1 0 1
0 1 1 1 1 1 1 1 0 1
1 1 1 1 0 1 1 1 0 0
1 0 1 1 0 0 0 0 1 1
1 1 0 0 0 1 1 0 1 1

Round 68:
1 1 0 1 0 1 1 1 0 0
1 1 0 1 0 1 1 1 1 1
0 0 1 1 1 1 1 1 1 1
1 1 1 1 1 1 0 0 1 0
0 0 1 1 1 1 1 0 1 1
1 1 1 1 1 1 0 1 1 1
1 1 1 0 1 0 1 0 1 1
1 1 1 0 0 1 0 1 1 1
0 1 1 1 1 1 1 1 1 1
0 1 1 0 1 1 1 1 1 1

Round 69:
1 1 0 0 0 0 1 1 1 1
1 1 1 1 0 1 0 1 1 0
0 1 1 1 1 0 0 0 0 0
0 1 1 1 1 1 1 1 0 1
0 0 1 1 1 1 0 1 1 1
0 1 0 1 1 1 0 1 0 1
1 0 0 1 0 0 1 1 0 0
1 1 0 1 1 1 1 1 0 1
1 1 0 0 1 0 0 0 1 0
1 0 0 1 1 1 0 1 0 1

Round 70:
1 0 1 1 1 1 0 1 1 1
0 1 1 0 1 1 1 1 0 1
1 1 1 0 1 0 1 0 1 0
1 0 0 1 1 1 0 0 0 1
1 1 1 1 1 0 0 1 1 0
1 1 0 1 0 1 1 1 1 1
0 1 1 0 0 1 1 0 1 0
1 1 0 0 1 1 0 1 0 1
1 0 1 0 1 1 1 0 1 0
1 1 0 1 0 1 0 1 0 1

Round 71:
1 0 1 0 1 0 1 0 1 0
0 1 1 1 0 0 1 0 1 1
1 1 1 0 1 0 1 0 0 0
0 1 0 1 0 1 1 1 1 1
1 0 1 0 1 1 1 1 1 0
0 0 0 1 1 1 1 0 1 0
1 1 1 1 1 1 1 0 1 1
0 0 0 1 1 0 0 1 0 0
1 1 0 1 1 1 1 0 1 0
0 1 0 1 0 0 1 0 0 1

Round 72:
1 1 1 0 1 1 1 1 0 1
1 1 0 0 0 1 1 0 1 1
1 0 1 0 1 0 0 0 0 0
0 0 0 1 1 1 1 1 0 0
1 0 1 1 1 0 0 0 1 1
1 1 0 1 0 1 1 0 0 1
1 1 0 1 0 1 1 1 1 0
1 0 0 1 0 0 1 1 0 1
0 1 0 0 1 0 1 0 1 0
1 1 0 0 1 1 0 1 0 1

Round 73:
1 0 0 0 1 0 1 0 1 1
0 1 1 0 1 1 1 0 0 1
0 1 1 0 1 1 0 1 1 0
0 0 0 1 1 0 0 1 0 0
1 1 1 1 1 0 0 1 1 0
0 1 1 0 0 1 1 0 1 0
1 1 0 0 0 1 1 1 1 1
0 0 1 1 1 0 1 1 0 1
1 0 1 0 1 1 1 0 1 1
1 1 0 0 0 0 1 1 1 1

Round 74:
1 1 1 0 0 0 0 1 1 0
1 1 1 0 1 1 1 1 1 1
1 1 1 1 0 0 1 1 1 0
0 0 1 1 0 1 1 1 0 1
0 1 0 0 1 0 0 1 0 1
0 1 0 1 0 1 1 0 0 0
0 1 1 1 0 1 1 1 0 0
1 1 1 1 1 0 1 1 1 1
1 1 1 0 0 0 0 1 1 1
0 1 0 1 1 0 0 1 1 1

Round 75:
1 1 0 1 1 0 1 1 1 1
1 1 0 1 1 1 1 0 0 0
0 0 1 1 1 1 0 1 1 1
1 1 1 1 1 0 1 1 0 1
1 1 1 1 1 0 1 0 0 1
0 1 1 0 0 1 1 0 1 0
1 1 0 1 1 1 1 1 0 1
1 0 1 1 0 0 1 1 1 0
1 0 1 0 0 1 0 1 1 0
1 0 1 1 1 0 1 0 0 1

Round 76:
1 1 0 1 0 1 1 0 0 1
1 1 0 0 1 0 0 0 1 1
0 0 1 1 1 1 1 1 0 0
1 0 1 1 0 1 1 1 1 0
0 1 1 0 1 0 1 1 1 1
1 0 1 1 0 1 0 1 1 1
1 0 1 1 1 0 1 1 0 0
0 0 1 1 1 1 1 1 1 0
0 1 0 1 1 1 0 1 1 0
1 1 0 0 1 1 0 0 0 1

Round 77:
1 1 0 1 1 0 0 1 1 1
1 1 1 1 1 1 1 1 1 1
0 1 1 1 1 0 1 1 1 0
1 1 1 1 1 1 1 0 1 1
1 1 1 1 1 0 1 1 1 1
0 1 0 1 0 1 1 1 0 1
0 1 1 1 1 1 1 0 0 0
1 1 1 0 1 1 0 1 0 1
1 1 1 1 1 0 0 0 1 1
1 1 0 1 1 1 0 1 1 1

Round 78:
1 0 0 1 1 1 1 0 0 0
0 1 0 0 0 1 1 0 0 0
0 0 1 1 0 1 1 1 1 0
1 0 1 1 1 1 1 1 0 1
1 0 0 1 1 0 1 0 1 1
1 1 1 1 0 1 1 0 1 1
1 1 1 1 1 1 1 0 0 1
0 0 1 1 0 0 0 1 1 0
0 0 1 0 1 1 0 1 1 1
0 0 0 1 1 1 1 0 1 1

Round 79:
1 0 1 0 0 1 1 0 0 1
0 1 0 1 1 1 1 0 1 0
1 0 1 1 1 1 1 1 0 1
0 1 1 1 1 0 0 1 1 1
0 1 1 1 1 1 0 1 1 1
1 1 1 0 1 1 0 1 1 0
1 1 1 0 0 0 1 1 1 0
0 0 1 1 1 1 1 1 1 1
0 1 0 1 1 1 1 1 1 0
1 0 1 1 1 0 0 1 0 1

Round 80:
1 1 1 1 0 1 0 0 1 0
1 1 1 1 0 1 0 1 1 1
1 1 1 1 0 1 0 1 0 0
1 1 1 1 0 1 0 0 0 1
0 0 0 0 1 1 1 1 1 1
1 1 1 1 1 1 0 0 1 1
0 0 0 0 1 0 1 1 1 0
0 1 1 0 1 0 1 1 1 1
1 1 0 0 1 1 1 1 1 0
0 1 0 1 1 1 0 1 0 1

Round 81:
1 1 0 1 0 0 1 0 1 0
1 1 1 1 1 0 0 1 1 0
0 1 1 1 0 1 1 0 1 1
1 1 1 1 1 0 1 1 1 1
0 1 0 1 1 0 0 0 1 1
0 0 1 0 0 1 1 1 1 1
1 0 1 1 0 1 1 0 1 0
0 1 0 1 0 1 0 1 1 0
1 1 1 1 1 1 1 1 1 0
0 0 1 1 1 1 0 0 0 1

Round 82:
1 0 1 1 0 1 1 1 1 1
0 1 0 1 1 1 1 1 1 1
1 0 1 1 0 0 1 1 0 0
1 1 1 1 0 1 1 1 1 1
0 1 0 0 1 1 1 0 0 1
1 1 0 1 1 1 1 0 0 1
1 1 1 1 1 1 1 0 1 0
1 1 1 1 0 0 0 1 0 1
1 1 0 1 0 0 1 0 1 1
1 1 0 1 1 1 0 1 1 1

Round 83:
1 1 1 0 1 0 1 1 1 0
1 1 0 1 1 1 0 1 0 0
1 0 1 1 1 0 0 0 1 1
0 1 1 1 0 0 0 0 0 0
1 1 1 0 1 0 0 1 1 0
0 1 0 0 0 1 0 1 0 1
1 0 0 0 0 0 1 0 1 0
1 1 0 0 1 1 0 1 1 0
1 0 1 0 1 0 1 1 1 1
0 0 1 0 0 1 0 0 1 1

Round 84:
1 0 1 1 0 1 1 0 1 1
0 1 0 1 1 0 1 0 0 1
1 0 1 0 1 1 0 1 1 1
1 1 0 1 1 0 0 1 1 0
0 1 1 1 1 1 0 1 1 1
1 0 1 0 1 1 1 0 0 1
1 1 0 0 0 1 1 0 1 1
0 0 1 1 1 0 0 1 1 1
1 0 1 1 1 0 1 1 1 0
1 1 1 0 1 1 1 1 0 1

Round 85:
1 0 1 1 1 1 1 1 1 0
0 1 1 0 0 1 1 1 1 1
1 1 1 0 1 1 1 0 0 0
1 0 0 1 1 1 0 1 1 0
1 0 1 1 1 0 1 1 1 0
1 1 1 1 0 1 1 0 0 1
1 1 1 0 1 1 1 1 1 0
1 1 0 1 1 0 1 1 1 1
1 1 0 1 1 0 1 1 1 0
0 1 0 0 0 1 0 1 0 1

Round 86:
1 1 0 0 1 1 0 1 0 1
1 1 1 0 1 1 1 1 1 1
0 1 1 0 0 0 1 1 1 0
0 0 0 1 0 0 1 0 1 1
1 1 0 0 1 0 1 0 1 0
1 1 0 0 0 1 1 1 0 1
0 1 1 1 1 1 1 1 0 1
1 1 1 0 0 1 1 1 1 1
0 1 1 1 1 0 0 1 1 0
1 1 0 1 0 1 1 1 0 1

Round 87:
1 1 1 1 1 0 0 1 1 0
1 1 0 1 1 1 0 1 1 1
1 0 1 1 1 1 1 1 1 1
1 1 1 1 0 0 1 1 0 1
1 1 1 0 1 0 0 0 0 1
0 1 1 0 0 1 1 1 0 0
0 0 1 1 0 1 1 1 0 0
1 1 1 1 0 1 1 1 1 1
1 1 1 0 0 0 0 1 1 1
0 1 1 1 1 0 0 1 1 1

Round 88:
1 0 0 0 0 1 1 0 1 0
0 1 1 0 0 0 0 1 0 0
0 1 1 0 1 0 0 1 0 0
0 0 0 1 0 1 1 1 1 1
0 0 1 0 1 0 0 0 1 0
1 0 0 1 0 1 1 0 1 1
1 0 0 1 0 1 1 0 1 0
0 1 1 1 0 0 0 1 0 0
1 0 0 1 1 1 1 0 1 1
0 0 0 1 0 1 0 0 1 1

Round 89:
1 1 1 0 0 0 0 0 1 0
1 1 0 0 1 1 1 1 1 0
1 0 1 1 0 1 1 0 1 1
0 0 1 1 0 1 1 0 0 1
0 1 0 0 1 1 1 1 0 1
0 1 1 1 1 1 0 1 0 1
0 1 1 1 1 0 1 0 1 0
0 1 0 0 1 1 0 1 0 1
1 1 1 0 0 0 1 0 1 1
0 0 1 1 1 1 0 1 1 1

Round 90:
1 0 1 1 0 1 1 1 0 0
0 1 1 1 1 1 1 1 0 0
1 1 1 1 0 1 0 1 1 1
1 1 1 1 1 0 1 1 1 0
0 1 0 1 1 0 1 1 1 1
1 1 1 0 0 1 0 1 0 0
1 1 0 1 1 0 1 1 0 1
1 1 1 1 1 1 1 1 1 1
0 0 1 1 1 0 0 1 1 1
0 0 1 0 1 0 1 1 1 1

Round 91:
1 1 0 0 0 1 1 1 0 0
1 1 0 0 0 1 1 1 1 1
0 0 1 0 0 0 1 1 1 0
0 0 0 1 1 0 1 0 1 0
0 0 0 1 1 0 0 1 1 1
1 1 0 0 0 1 0 1 1 0
1 1 1 1 0 0 1 0 0 1
1 1 1 0 1 1 0 1 0 0
0 1 1 1 1 1 0 0 1 0
0 1 0 0 1 0 1 0 0 1

Round 92:
1 0 0 0 1 0 0 1 1 0
0 1 1 1 1 1 1 1 1 1
0 1 1 1 1 0 0 0 1 1
0 1 1 1 0 0 0 1 1 1
1 1 1 0 1 0 1 1 1 0
0 1 0 0 0 1 1 1 0 1
0 1 0 0 1 1 1 1 0 1
1 1 0 1 1 1 1 1 1 0
1 1 1 1 1 0 0 1 1 0
0 1 1 1 0 1 1 0 0 1

Round 93:
1 1 1 0 0 0 0 1 1 1
1 1 0 0 1 1 1 0 1 1
1 0 1 0 0 0 1 1 0 1
0 0 0 1 0 1 1 0 0 1
0 1 0 0 1 1 1 1 0 0
0 1 0 1 1 1 0 0 1 0
0 1 1 1 1 0 1 1 1 0
1 0 1 0 1 0 1 1 1 1
1 1 0 0 0 1 1 1 1 1
1 1 1 1 0 0 0 1 1 1

Round 94:
1 1 1 1 0 1 0 1 0 0
1 1 1 1 1 1 1 0 0 0
1 1 1 0 1 1 0 1 1 0
1 1 0 1 1 1 0 1 0 0
0 1 1 1 1 0 0 1 0 0
1 1 1 1 0 1 0 0 1 1
0 1 0 0 0 0 1 1 0 1
1 0 1 1 1 0 1 1 1 1
0 0 1 0 0 1 0 1 1 1
0 0 0 0 0 1 1 1 1 1

Round 95:
1 1 1 1 1 0 1 0 0 1
1 1 1 1 1 1 0 0 1 1
1 1 1 0 1 1 1 1 1 0
1 1 0 1 1 1 0 0 1 1
1 1 1 1 1 1 1 0 0 0
0 1 1 1 1 1 1 0 1 1
1 0 1 0 1 1 1 1 1 1
0 0 1 0 0 0 1 1 1 0
0 1 1 1 0 1 1 1 1 0
1 1 0 1 0 1 1 0 0 1

Round 96:
1 0 1 0 0 1 0 0 1 0
0 1 1 1 1 0 0 1 0 1
1 1 1 1 0 0 0 1 1 1
0 1 1 1 0 1 1 0 1 1
0 1 0 0 1 0 0 1 1 1
1 0 0 1 0 1 1 1 1 1
0 0 0 1 0 1 1 0 1 1
0 1 1 0 1 1 0 1 1 0
1 0 1 1 1 1 1 1 1 1
0 1 1 1 1 1 1 0 1 1

Round 97:
1 1 0 0 1 1 0 0 1 1
1 1 0 0 1 1 1 0 1 1
0 0 1 0 1 1 0 1 0 0
0 0 0 1 0 1 1 1 1 1
1 1 1 0 1 0 1 0 0 1
1 1 1 1 0 1 1 0 1 0
0 1 0 1 1 1 1 1 0 1
0 0 1 1 0 0 1 1 1 1
1 1 0 1 0 1 0 1 1 1
1 1 0 1 1 0 1 1 1 1

Round 98:
1 1 1 1 0 0 0 0 1 0
1 1 1 1 0 1 0 1 0 1
1 1 1 1 1 0 1 1 0 1
1 1 1 1 0 1 0 1 1 1
0 0 1 0 1 1 1 1 1 0
0 1 0 1 1 1 0 0 1 1
0 0 1 0 1 0 1 1 1 1
0 1 1 1 1 0 1 1 1 0
1 0 0 1 1 1 1 1 1 1
0 1 1 1 0 1 1 0 1 1

Round 99:
1 1 1 1 0 1 1 0 0 1
1 1 1 1 1 1 0 1 1 1
1 1 1 1 1 1 0 0 1 1
1 1 1 1 0 1 1 1 0 0
0 1 1 0 1 1 0 1 1 1
1 1 1 1 1 1 1 0 1 1
1 0 0 1 0 1 1 1 0 1
0 1 0 1 1 0 1 1 0 0
0 1 1 0 1 1 0 0 1 0
1 1 1 0 1 1 1 0 0 1

Round 100:
1 0 0 1 1 1 1 0 0 0
0 1 1 1 0 1 0 1 1 0
0 1 1 1 1 1 0 1 1 0
1 1 1 1 1 0 0 0 0 1
1 0 1 1 1 1 0 0 1 1
1 1 1 0 1 1 1 0 0 1
1 0 0 0 0 1 1 0 1 1
0 1 1 0 0 0 0 1 0 1
0 1 1 0 1 0 1 0 1 1
0 0 0 1 1 1 1 1 1 1

Round 101:
1 1 0 0 1 1 1 0 0 1
1 1 0 1 1 1 0 1 1 0
0 0 1 0 1 0 0 1 1 0
0 1 0 1 1 1 1 1 0 1
1 1 1 1 1 1 1 0 1 1
1 1 0 1 1 1 1 1 0 0
1 0 0 1 1 1 1 1 0 0
0 1 1 1 0 1 1 1 0 0
0 1 1 0 1 0 0 0 1 1
1 0 0 1 1 0 0 0 1 1

Round 102:
1 1 0 0 0 1 0 1 1 1
1 1 0 0 1 1 0 1 1 0
0 0 1 1 1 0 0 1 1 0
0 0 1 1 1 1 1 1 0 1
0 1 1 1 1 0 0 0 1 1
1 1 0 1 0 1 0 1 0 0
0 0 0 1 0 0 1 1 1 1
1 1 1 1 0 1 1 1 1 0
1 1 1 0 1 0 1 1 1 1
1 0 0 1 1 0 1 0 1 1

Round 103:
1 1 0 1 0 1 1 1 1 1
1 1 1 0 0 0 0 0 0 0
0 1 1 1 1 1 1 1 1 0
1 0 1 1 1 1 1 1 0 1
0 0 1 1 1 1 0 0 0 1
1 0 1 1 1 1 1 0 1 0
1 0 1 1 0 1 1 0 0 1
1 0 1 1 0 0 0 1 0 1
1 0 1 0 0 1 0 0 1 0
1 0 0 1 1 0 1 1 0 1

Round 104:
1 1 1 1 0 1 1 1 1 1
1 1 1 0 1 0 1 0 0 1
1 1 1 0 0 1 0 0 1 1
1 0 0 1 1 0 1 1 0 1
0 1 0 1 1 1 1 1 1 0
1 0 1 0 1 1 0 1 1 1
1 1 0 1 1 0 1 0 1 1
1 0 0 1 1 1 0 1 1 1
1 0 1 0 1 1 1 1 1 1
1 1 1 1 0 1 1 1 1 1

Round 105:
1 0 1 1 1 0 1 1 0 1
0 1 0 0 1 1 0 1 0 0
1 0 1 1 1 0 0 0 0 1
1 0 1 1 0 0 0 1 0 0
1 1 1 0 1 1 0 1 1 1
0 1 0 0 1 1 1 0 0 0
1 0 0 0 0 1 1 0 0 1
1 1 0 1 1 0 0 1 1 1
0 0 0 0 1 0 0 1 1 1
1 0 1 0 1 0 1 1 1 1

Round 106:
1 1 1 1 1 1 0 1 0 0
1 1 0 1 1 0 1 1 0 1
1 0 1 0 1 1 1 1 0 1
1 1 0 1 1 0 1 1 0 1
1 1 1 1 1 1 0 1 1 0
1 0 1 0 1 1 1 1 1 1
0 1 1 1 0 1 1 0 0 0
1 1 1 1 1 1 0 1 0 0
0 0 0 0 1 1 0 0 1 1
0 1 1 1 0 1 0 0 1 1

Round 107:
1 1 1 0 0 1 0 0 0 1
1 1 1 1 1 1 0 1 1 1
1 1 1 1 0 1 1 1 1 1
0 1 1 1 1 0 0 0 0 1
0 1 0 1 1 1 1 1 1 1
1 1 1 0 1 1 0 1 1 1
0 0 1 0 1 0 1 1 0 0
0 1 1 0 1 1 1 1 1 0
0 1 1 0 1 1 0 1 1 1
1 1 1 1 1 1 0 0 1 1

Round 108:
1 0 1 1 1 1 0 1 0 0
0 1 0 1 1 1 1 0 1 1
1 0 1 1 1 0 0 1 0 1
1 1 1 1 0 1 0 1 1 1
1 1 1 0 1 0 1 0 1 1
1 1 0 1 0 1 1 1 0 0
0 1 0 0 1 1 1 0 1 0
1 0 1 1 0 1 0 1 0 1
0 1 0 1 1 0 1 0 1 0
0 1 1 1 1 0 0 1 0 1

Round 109:
1 1 1 0 1 1 1 1 1 0
1 1 1 1 0 1 1 0 1 0
1 1 1 0 0 0 0 1 1 1
0 1 0 1 1 0 0 0 1 1
1 0 0 1 1 1 1 1 0 1
1 1 0 0 1 1 1 0 1 1
1 1 0 0 1 1 1 1 1 0
1 0 1 0 1 0 1 1 1 0
1 1 1 1 0 1 1 1 1 0
0 0 1 1 1 1 0 0 0 1

Round 110:
1 1 1 1 1 1 1 0 1 1
1 1 1 0 0 0 0 1 1 1
1 1 1 1 1 1 1 1 1 0
1 0 1 1 0 0 1 1 0 1
1 0 1 0 1 1 0 0 0 1
1 0 1 0 1 1 1 1 1 0
1 0 1 1 0 1 1 0 1 1
0 1 1 1 0 1 0 1 1 1
1 1 1 0 0 1 1 1 1 0
1 1 0 1 1 0 1 1 0 1

Round 111:
1 1 0 1 1 1 1 0 1 0
1 1 1 1 1 0 1 1 0 0
0 1 1 1 0 0 0 0 1 1
1 1 1 1 1 1 1 1 1 1
1 1 0 1 1 0 0 1 1 0
1 0 0 1 0 1 0 1 1 0
1 1 0 1 0 0 1 0 0 1
0 1 0 1 1 1 0 1 0 1
1 0 1 1 1 1 0 0 1 1
0 0 1 1 0 0 1 1 1 1

Round 112:
1 1 0 1 0 0 1 1 0 1
1 1 0 1 0 0 0 1 1 1
0 0 1 1 0 1 0 1 0 1
1 1 1 1 0 1 1 1 1 1
0 0 0 0 1 0 0 1 1 1
0 0 1 1 0 1 1 1 1 1
1 0 0 1 0 1 1 1 0 0
1 1 1 1 1 1 1 1 1 1
0 1 0 1 1 1 0 1 1 1
1 1 1 1 1 1 0 1 1 1

Round 113:
1 0 1 0 1 1 1 0 0 0
0 1 1 0 0 1 1 1 0 1
1 1 1 1 1 0 1 0 1 1
0 0 1 1 1 1 1 0 0 1
1 0 1 1 1 0 0 1 1 1
1 1 0 1 0 1 0 0 1 1
1 1 1 1 0 0 1 0 1 1
0 1 0 0 1 0 0 1 1 1
0 0 1 0 1 1 1 1 1 1
0 1 1 1 1 1 1 1 1 1

Round 114:
1 0 1 0 1 0 0 0 1 0
0 1 0 0 1 1 0 1 0 1
1 0 1 1 0 0 1 0 1 0
0 0 1 1 1 0 1 1 1 1
1 1 0 1 1 0 1 1 1 0
0 1 0 0 0 1 0 1 1 0
0 0 1 1 1 0 1 1 0 1
0 1 0 1 1 1 1 1 0 0
1 0 1 1 1 1 0 0 1 0
0 1 0 1 0 0 1 0 0 1

Round 115:
1 1 0 1 0 1 0 1 0 1
1 1 1 1 0 0 0 1 0 1
0 1 1 1 0 1 0 1 1 0
1 1 1 1 0 0 0 1 1 0
0 0 0 0 1 0 0 0 0 1
1 0 1 0 0 1 1 0 1 0
0 0 0 0 0 1 1 1 1 0
1 1 1 1 0 0 1 1 0 1
0 0 1 1 0 1 1 0 1 0
1 1 0 0 1 0 0 1 0 1

Round 116:
1 1 1 1 1 1 0 1 1 0
1 1 0 0 0 1 1 0 1 1
1 0 1 0 1 0 0 1 1 0
1 0 0 1 0 1 1 0 0 1
1 0 1 0 1 1 1 0 0 0
1 1 0 1 1 1 1 1 1 1
0 1 0 1 1 1 1 1 1 1
1 0 1 0 0 1 1 1 1 0
1 1 1 0 0 1 1 1 1 0
0 1 0 1 0 1 1 0 0 1

Round 117:
1 1 1 0 0 1 0 1 1 1
1 1 0 1 1 0 0 0 1 0
1 0 1 1 0 1 0 0 1 1
0 1 1 1 1 1 1 0 1 0
0 1 0 1 1 0 1 1 1 0
1 0 1 1 0 1 1 1 1 1
0 0 0 1 1 1 1 1 1 0
1 0 0 0 1 1 1 1 1 0
1 1 1 1 1 1 1 1 1 1
1 0 1 0 0 1 0 0 1 1

Round 118:
1 0 1 1 1 0 1 0 1 1
0 1 0 1 0 0 0 0 1 1
1 0 1 1 1 1 1 0 1 0
1 1 1 1 1 0 1 1 1 0
1 0 1 1 1 0 1 1 0 1
0 0 1 0 0 1 1 1 0 1
1 0 1 1 1 1 1 0 0 0
0 0 0 1 1 1 0 1 1 0
1 1 1 1 0 0 0 1 1 1
1 1 0 0 1 1 0 0 1 1

Round 119:
1 1 0 1 0 1 0 1 1 1
1 1 1 1 0 0 1 0 0 1
0 1 1 0 1 1 1 1 1 1
1 1 0 1 1 0 1 0 0 1
0 0 1 1 1 1 0 1 1 0
1 0 1 0 1 1 1 1 1 0
0 1 1 1 0 1 1 0 0 1
1 0 1 0 1 1 0 1 1 0
1 0 1 0 1 1 0 1 1 1
1 1 1 1 0 0 1 0 1 1

Round 120:
1 0 1 0 0 1 1 0 1 0
0 1 1 0 0 1 1 0 0 0
1 1 1 1 0 0 1 1 0 0
0 0 1 1 1 1 1 1 1 0
0 0 0 1 1 0 1 1 1 1
1 1 0 1 0 1 1 0 1 1
1 1 1 1 1 1 1 1 1 0
0 0 1 1 1 0 1 1 1 1
1 0 0 1 1 1 1 1 1 0
0 0 0 0 1 1 0 1 0 1

Round 121:
1 1 1 1 1 0 0 1 1 1
1 1 0 1 0 1 0 0 1 1
1 0 1 1 0 0 1 0 1 1
1 1 1 1 1 0 1 1 0 1
1 0 0 1 1 1 1 1 1 1
0 1 0 0 1 1 1 1 1 1
0 0 1 1 1 1 1 0 1 1
1 0 0 1 1 1 0 1 0 1
1 1 1 0 1 1 1 0 1 1
1 1 1 1 1 1 1 1 1 1

Round 122:
1 1 1 0 1 1 0 0 1 1
1 1 0 1 1 0 0 0 1 0
1 0 1 1 0 0 1 0 0 1
0 1 1 1 1 1 1 1 0 1
1 1 0 1 1 1 1 0 1 1
1 0 0 1 1 1 1 1 0 1
0 0 1 1 1 1 1 1 1 1
0 0 0 1 0 1 1 1 1 1
1 1 0 0 1 0 1 1 1 0
1 0 1 1 1 1 1 1 0 1

Round 123:
1 0 1 1 1 0 1 1 1 1
0 1 1 0 0 0 0 1 0 1
1 1 1 1 0 1 1 1 0 1
1 0 1 1 1 1 1 0 0 0
1 0 0 1 1 0 0 0 0 0
0 0 1 1 0 1 0 1 1 0
1 0 1 1 0 0 1 1 1 0
1 1 1 0 0 1 1 1 1 1
1 0 0 0 0 1 1 1 1 0
1 1 1 0 0 0 0 1 0 1

Round 124:
1 1 0 1 1 0 1 0 0 0
1 1 1 1 1 0 1 1 1 1
0 1 1 1 0 1 1 1 1 0
1 1 1 1 1 1 1 1 1 1
1 1 0 1 1 1 1 0 1 1
0 0 1 1 1 1 1 0 1 0
1 1 1 1 1 1 1 1 1 1
0 1 1 1 0 0 1 1 1 1
0 1 1 1 1 1 1 1 1 1
0 1 0 1 1 0 1 1 1 1

Round 125:
1 1 1 1 1 1 0 1 1 1
1 1 1 0 1 1 1 1 1 1
1 1 1 1 1 0 1 1 1 1
1 0 1 1 0 0 1 1 0 0
1 1 1 0 1 0 0 0 1 0
1 1 0 0 0 1 1 0 1 1
0 1 1 1 0 1 1 0 1 1
1 1 1 1 0 0 0 1 0 1
1 1 1 0 1 1 1 0 1 1
1 1 1 0 0 1 1 1 1 1

Round 126:
1 1 0 0 1 0 1 1 0 1
1 1 1 0 0 1 0 0 0 1
0 1 1 1 0 1 1 0 1 0
0 0 1 1 0 1 0 1 0 1
1 0 0 0 1 0 0 0 1 0
0 1 1 1 0 1 1 1 0 1
1 0 1 0 0 1 1 1 1 0
1 0 0 1 0 1 1 1 1 1
0 0 1 0 1 0 1 1 1 0
1 1 0 1 0 1 0 1 0 1

Round 127:
1 0 1 0 1 1 1 1 1 1
0 1 0 1 1 0 1 1 1 1
1 0 1 1 1 0 0 1 1 0
0 1 1 1 1 1 1 1 1 1
1 1 1 1 1 1 1 1 0 0
1 0 0 1 1 1 1 1 0 0
1 1 0 1 1 1 1 0 0 1
1 1 1 1 1 1 0 1 0 1
1 1 1 1 0 0 0 0 1 1
1 1 0 1 0 0 1 1 1 1

Round 128:
1 1 1 1 1 0 1 0 1 1
1 1 0 1 1 1 1 1 0 0
1 0 1 1 1 0 0 0 0 1
1 1 1 1 1 1 1 1 1 1
1 1 1 1 1 1 1 0 1 0
0 1 0 1 1 1 1 1 0 1
1 1 0 1 1 1 1 1 1 0
0 1 0 1 0 1 1 1 1 0
1 0 0 1 1 0 1 1 1 1
1 0 1 1 0 1 0 0 1 1

Round 129:
1 1 1 1 1 0 1 1 1 1
1 1 1 1 1 0 0 1 0 0
1 1 1 1 1 0 0 1 0 1
1 1 1 1 0 0 1 1 1 1
1 1 1 0 1 1 1 1 1 1
0 0 0 0 1 1 1 1 0 1
1 0 0 1 1 1 1 0 0 0
1 1 1 1 1 1 0 1 1 1
1 0 0 1 1 0 0 1 1 0
1 0 1 1 1 1 0 1 0 1

Round 130:
1 1 1 1 0 1 0 0 1 0
1 1 0 0 0 0 0 0 0 1
1 0 1 0 1 1 1 1 1 1
1 0 0 1 0 1 1 1 1 0
0 0 1 0 1 1 1 1 0 0
1 0 1 1 1 1 0 1 0 1
0 0 1 1 1 0 1 1 1 1
0 0 1 1 1 1 1 1 1 1
1 0 1 1 0 0 1 1 1 0
0 1 1 0 0 1 1 1 0 1

Round 131:
1 1 0 1 1 0 1 0 0 0
1 1 0 1 0 0 1 0 0 0
0 0 1 1 1 1 0 1 1 1
1 1 1 1 0 0 0 1 0 1
1 0 1 0 1 1 1 1 1 0
0 0 1 0 1 1 0 1 1 1
1 1 0 0 1 0 1 1 1 1
0 0 1 1 1 1 1 1 1 1
0 0 1 0 1 1 1 1 1 1
0 0 1 1 0 1 1 1 1 1

Round 132:
1 1 1 0 0 0 1 0 1 0
1 1 1 1 1 0 0 1 0 0
1 1 1 0 1 0 1 1 1 0
0 1 0 1 1 1 0 1 0 0
0 1 1 1 1 0 0 1 1 1
0 0 0 1 0 1 0 1 0 0
1 0 1 0 0 0 1 1 1 1
0 1 1 1 1 1 1 1 1 1
1 0 1 0 1 0 1 1 1 1
0 0 0 0 1 0 1 1 1 1

Round 133:
1 1 0 1 1 1 0 0 1 1
1 1 1 1 0 0 0 0 0 1
0 1 1 1 1 0 1 1 1 0
1 1 1 1 0 0 1 1 1 1
1 0 1 0 1 0 1 1 0 1
1 0 0 0 0 1 1 1 1 0
0 0 1 1 1 1 1 0 1 1
0 0 1 1 1 1 0 1 1 1
1 0 1 1 0 1 1 1 1 1
1 1 0 1 1 0 1 1 1 1

Round 134:
1 1 0 1 0 0 1 0 0 0
1 1 1 1 0 1 1 1 1 1
0 1 1 1 0 1 1 1 1 1
1 1 1 1 1 0 1 0 1 1
0 0 0 1 1 0 0 0 1 1
0 1 1 0 0 1 0 0 1 1
1 1 1 1 0 0 1 1 0 0
0 1 1 0 0 0 1 1 1 1
0 1 1 1 1 1 0 1 1 0
0 1 1 1 1 1 0 1 0 1

Round 135:
1 1 1 0 1 1 0 1 0 0
1 1 0 1 0 0 0 0 0 0
1 0 1 1 1 1 0 1 1 1
0 1 1 1 1 0 0 1 1 1
1 0 1 1 1 1 1 1 1 0
1 0 1 0 1 1 0 1 1 1
0 0 0 0 1 0 1 0 1 1
1 0 1 1 1 1 0 1 0 1
0 0 1 1 1 1 1 0 1 1
0 0 1 1 0 1 1 1 1 1

Round 136:
1 1 0 0 1 0 1 1 0 0
1 1 1 0 1 1 0 1 1 1
0 1 0 0 1 1 0 1 0 1
0 0 0 1 0 0 1 0 0 1
1 1 1 0 1 1 1 0 0 0
0 1 1 0 1 1 1 1 0 1
1 0 0 1 1 1 1 0 1 1
1 1 1 0 0 1 0 1 1 1
0 1 0 0 0 0 1 1 1 1
0 1 1 1 0 1 1 1 1 1

Round 137:
1 0 1 1 1 1 1 0 0 1
0 1 1 1 1 1 0 1 1 1
1 1 1 0 1 1 0 0 1 0
1 1 0 1 1 0 1 1 0 0
1 1 1 1 1 0 0 0 1 0
1 1 1 0 0 1 0 1 1 0
1 0 0 1 0 0 1 0 0 1
0 1 0 1 0 1 0 1 1 1
0 1 1 0 1 1 0 1 1 1
1 1 0 0 0 0 1 1 1 1

Round 138:
1 1 0 1 1 0 1 1 1 1
1 1 1 0 0 0 1 1 1 1
0 1 1 0 1 0 1 0 0 1
1 0 0 1 1 0 1 0 1 1
1 0 1 1 1 1 0 1 1 1
0 0 0 0 1 1 1 1 1 0
1 1 1 1 0 1 1 0 0 0
1 1 0 0 1 1 0 1 1 0
1 1 0 1 1 1 0 1 1 0
1 1 1 1 1 0 0 0 0 1

Round 139:
1 0 0 1 0 0 1 1 0 1
0 1 1 1 1 0 1 0 0 1
0 1 0 1 1 0 0 0 1 1
1 1 0 1 0 1 0 1 0 0
0 1 1 0 1 0 1 0 0 1
0 0 0 1 0 1 1 0 1 1
1 1 0 0 1 1 1 1 1 0
1 0 0 1 0 0 1 1 1 0
0 0 1 0 0 1 1 1 1 1
1 1 1 0 1 1 0 0 1 1

Round 140:
1 0 1 1 0 1 1 0 1 0
1 1 0 0 1 1 1 1 1 0
1 0 1 0 0 1 0 1 1 0
1 0 0 1 0 1 1 1 1 1
0 1 0 0 1 1 1 0 0 1
1 1 1 1 1 1 1 1 0 1
1 1 0 1 1 1 1 1 0 1
0 1 1 1 0 1 1 1 1 1
1 1 1 1 0 0 0 1 1 0
0 0 0 1 1 1 1 1 0 1

Round 141:
1 1 1 0 1 0 0 1 0 0
1 0 0 1 0 1 1 0 1 1
1 1 1 0 0 1 1 1 1 1
0 1 0 1 0 0 1 0 0 1
1 0 0 0 1 1 0 1 0 0
0 1 1 0 1 1 0 0 1 0
0 1 1 1 0 0 1 1 0 1
1 0 1 0 1 0 1 1 0 1
0 1 1 0 0 1 0 0 1 1
0 1 1 1 0 0 1 1 1 1

Round 142:
1 0 1 1 0 0 0 1 0 1
0 1 0 0 1 1 0 1 1 0
1 0 1 1 0 1 1 0 0 1
1 0 1 1 1 0 1 0 1 1
0 1 0 1 1 1 0 0 1 0
0 1 1 0 1 1 1 1 1 0
0 0 1 1 0 1 1 0 1 1
1 1 0 0 0 1 0 1 0 1
0 1 0 1 1 1 1 0 1 0
1 0 1 1 0 0 1 1 0 1

Round 143:
1 0 1 1 0 1 1 1 1 1
0 1 1 1 0 0 0 1 1 0
1 1 1 1 1 0 0 1 1 1
1 1 1 1 1 1 0 1 1 0
0 0 1 1 1 0 1 1 1 0
1 0 0 1 0 1 1 1 1 0
1 0 0 0 1 1 1 0 1 0
1 1 1 1 1 1 0 1 0 1
1 1 1 1 1 1 1 0 1 1
1 0 1 0 0 0 0 1 1 1

Round 144:
1 0 1 0 0 1 1 1 1 1
0 1 1 0 1 1 1 1 1 1
1 1 1 1 1 1 0 1 0 0
0 0 1 1 1 1 1 0 1 1
0 1 1 1 1 0 1 1 1 1
1 1 1 1 0 1 1 1 1 1
1 1 0 1 1 1 1 1 1 1
1 1 1 0 1 1 1 1 1 0
1 1 0 1 1 1 1 1 1 0
1 1 0 1 1 1 1 0 0 1

Round 145:
1 1 0 0 0 1 0 1 0 1
1 1 1 0 1 1 1 1 0 1
0 1 1 1 0 1 1 0 1 1
0 0 1 1 1 1 0 1 1 1
0 1 0 1 1 1 1 0 1 1
1 1 1 1 1 1 0 0 0 1
0 1 1 0 1 0 1 1 0 1
1 1 0 1 0 0 1 1 0 1
0 0 1 1 1 0 0 0 1 0
1 1 1 1 1 1 1 1 0 1

Round 146:
1 1 0 0 1 0 1 1 0 0
1 1 1 1 1 1 0 1 1 1
0 1 1 0 1 1 1 0 0 1
0 1 0 1 1 1 1 0 0 1
1 1 1 1 1 0 0 1 1 0
0 1 1 1 0 1 1 1 0 1
1 0 1 1 0 1 1 0 1 1
1 1 0 0 1 1 0 1 1 1
0 1 0 0 1 0 1 1 1 1
0 1 1 1 0 1 1 1 1 1

Round 147:
1 1 0 1 1 1 0 1 1 0
1 1 1 1 1 1 1 0 0 1
0 1 1 0 1 1 0 1 0 0
1 1 0 1 1 0 1 1 1 0
1 1 1 1 1 1 0 0 1 0
1 1 1 0 1 1 0 1 0 0
0 1 0 1 0 0 1 0 0 0
1 0 1 1 0 1 0 1 0 0
1 0 0 1 1 0 0 0 1 1
0 1 0 0 0 0 0 0 1 1

Round 148:
1 1 1 0 0 1 0 1 0 0
1 1 1 0 1 1 0 1 1 0
1 1 1 1 1 1 0 1 1 1
0 0 1 1 1 1 1 1 1 0
0 1 1 1 1 0 0 1 1 1
1 1 1 1 0 1 0 1 1 1
0 0 0 1 0 0 1 0 1 1
1 1 1 1 1 1 0 1 0 0
0 1 1 1 1 1 1 0 1 1
0 0 1 0 1 1 1 0 1 1

Round 149:
1 0 1 0 1 1 0 0 1 0
0 1 1 1 1 1 0 1 1 1
1 1 1 1 0 1 1 1 0 0
0 1 1 1 1 0 1 0 0 1
1 1 0 1 1 0 0 0 1 1
1 1 1 0 0 1 0 1 0 1
0 0 1 1 0 0 1 1 1 1
0 1 1 0 0 1 1 1 0 0
1 1 0 0 1 0 1 0 1 0
0 1 0 1 1 1 1 0 0 1

Round 150:
1 1 1 1 1 0 1 1 1 1
1 1 1 1 1 1 0 0 1 1
1 1 1 0 1 1 0 1 1 1
1 1 0 1 1 0 1 1 1 0
1 1 1 1 1 0 1 1 1 1
0 1 1 0 0 1 1 1 0 0
1 0 0 1 1 1 1 1 0 1
1 0 1 1 1 1 1 1 1 0
1 1 1 1 1 0 0 1 1 0
1 1 1 0 1 0 1 0 0 1

Round 151:
1 0 1 1 1 1 0 1 1 1
0 1 1 0 0 0 1 1 0 0
1 1 1 1 0 0 1 0 0 1
1 0 1 1 1 1 1 1 1 1
1 0 0 1 1 0 1 1 1 1
1 0 0 1 0 1 1 1 1 1
0 1 1 1 1 1 1 0 0 1
1 1 0 1 1 1 0 1 1 0
1 0 0 1 1 1 0 1 1 0
1 0 1 1 1 1 1 0 0 1

Round 152:
1 0 1 0 0 1 1 1 1 0
0 1 1 1 0 1 0 1 0 0
1 1 1 1 1 0 0 1 1 0
0 1 1 1 0 1 1 1 1 1
0 0 1 0 1 1 0 0 1 0
1 1 0 1 1 1 1 1 1 0
1 0 0 1 0 1 1 1 0 1
1 1 1 1 0 1 1 1 1 1
1 0 1 1 1 1 0 1 1 1
0 0 0 1 0 0 1 1 1 1

Round 153:
1 1 1 1 1 1 0 1 1 1
1 1 0 0 1 1 1 0 0 1
1 0 1 1 1 0 1 1 0 1
1 0 1 1 1 1 1 0 1 1
1 1 1 1 1 1 1 1 0 1
1 1 0 1 1 1 1 1 1 0
0 1 1 1 1 1 1 0 0 1
1 0 1 0 1 1 0 1 1 1
1 0 0 1 0 1 0 1 1 1
1 1 1 1 1 0 1 1 1 1

Round 154:
1 1 1 1 1 1 1 1 0 0
1 1 1 0 0 1 1 0 1 1
1 1 1 1 1 1 1 0 1 0
1 0 1 1 1 1 1 1 1 0
1 0 1 1 1 1 1 1 1 0
1 1 1 1 1 1 1 1 1 1
1 1 1 1 1 1 1 1 1 1
1 0 0 1 1 1 1 1 1 1
0 1 1 1 1 1 1 1 1 0
0 1 0 0 0 1 1 1 0 1

Round 155:
1 0 1 0 0 1 1 0 1 1
0 1 0 0 1 1 1 1 1 1
1 0 1 0 1 1 1 1 0 0
0 0 0 1 0 0 0 1 0 1
0 1 1 0 1 1 1 1 0 1
1 1 1 0 1 1 1 0 1 1
1 1 1 0 1 1 1 0 1 1
0 1 1 1 1 0 0 1 1 0
1 1 0 0 0 1 1 1 1 0
1 1 0 1 1 1 1 0 0 1

Round 156:
1 1 0 1 0 1 1 1 1 0
1 1 1 0 1 1 1 0 0 0
0 1 1 1 1 0 0 0 0 1
1 0 1 1 0 1 1 1 1 0
0 1 1 0 1 0 1 1 1 1
1 1 0 1 0 1 0 0 0 0
1 1 0 1 1 0 1 1 1 0
1 0 0 1 1 0 1 1 1 1
1 0 0 1 1 0 1 1 1 1
0 0 1 0 1 0 0 1 1 1

Round 157:
1 1 0 1 0 1 1 1 1 0
1 1 1 0 0 0 1 0 1 0
0 1 1 1 1 1 1 1 1 0
1 0 1 1 1 1 0 0 0 1
0 0 1 1 1 1 0 1 1 0
1 0 1 1 1 1 0 0 0 1
1 1 1 0 0 0 1 0 1 1
1 0 1 0 1 0 0 1 1 1
1 1 1 0 1 0 1 1 1 0
0 0 0 1 0 1 1 1 0 1

Round 158:
1 1 1 0 1 1 1 1 0 0
1 1 1 1 0 1 0 1 1 1
1 1 1 0 0 0 1 1 1 1
0 1 0 1 1 0 1 0 0 1
1 0 0 1 1 0 0 1 1 1
1 1 0 0 0 1 1 1 0 1
1 0 1 1 0 1 1 0 0 0
1 1 1 0 1 1 0 1 1 1
0 1 1 0 1 0 0 1 1 0
0 1 1 1 1 1 0 1 0 1

Round 159:
1 0 0 0 1 1 0 1 1 0
0 1 1 1 0 1 0 1 0 1
0 1 1 1 0 1 1 0 1 0
0 1 1 1 0 1 0 0 0 1
1 0 0 0 1 1 0 0 0 1
1 1 1 1 1 1 1 1 1 1
0 0 1 0 0 1 1 1 0 0
1 1 0 0 0 1 1 1 1 1
1 0 1 0 0 1 0 1 1 1
0 1 0 1 1 1 0 1 1 1

Round 160:
1 1 1 1 1 0 0 1 1 1
1 1 1 0 0 0 0 1 0 1
1 1 1 1 1 1 1 0 0 0
1 0 1 1 1 1 1 0 1 0
1 0 1 1 1 0 1 0 1 0
0 0 1 1 0 1 1 1 1 0
0 0 1 1 1 1 1 0 0 0
1 1 0 0 0 1 0 1 1 1
1 0 0 1 1 1 0 1 1 0
1 1 0 0 0 0 0 1 0 1

Round 161:
1 1 0 0 1 0 1 1 1 0
1 1 0 1 1 0 0 1 1 0
0 0 1 1 1 0 1 0 1 0
0 1 1 1 1 1 1 1 0 1
1 1 1 1 1 0 0 1 0 0
0 0 0 1 0 1 1 1 0 1
1 0 1 1 0 1 1 1 1 1
1 1 0 1 1 1 1 1 0 1
1 1 1 0 0 0 1 0 1 0
0 0 0 1 0 1 1 1 0 1

Round 162:
1 1 0 1 1 1 1 1 0 1
1 1 1 0 1 1 1 1 1 1
0 1 1 0 1 0 1 0 0 0
1 0 0 1 1 1 0 0 1 0
1 1 1 1 1 1 0 1 0 1
1 1 0 1 1 1 0 0 0 0
1 1 1 0 0 0 1 1 0 1
1 1 0 0 1 0 1 1 1 1
0 1 0 1 0 0 0 1 1 1
1 1 0 0 1 0 1 1 1 1

Round 163:
1 0 1 0 1 1 1 1 0 1
0 1 1 1 1 1 1 0 1 0
1 1 1 1 1 1 1 1 1 1
0 1 1 1 0 0 0 0 0 0
1 1 1 0 1 1 0 0 1 1
1 1 1 0 1 1 1 1 0 1
1 1 1 0 0 1 1 0 1 0
1 0 1 0 0 1 0 1 1 1
0 1 1 0 1 0 1 1 1 0
1 0 1 0 1 1 0 1 0 1

Round 164:
1 1 0 0 1 1 1 1 1 1
1 1 1 1 0 1 0 1 1 0
0 1 1 0 0 0 0 0 0 1
0 1 0 1 0 1 1 1 0 0
1 0 0 0 1 1 0 0 1 0
1 1 0 1 1 1 0 1 0 0
1 0 0 1 0 0 1 0 0 0
1 1 0 1 0 1 0 1 0 0
1 1 0 0 1 0 0 0 1 1
1 0 1 0 0 0 0 0 1 1

Round 165:
1 1 1 1 1 0 0 0 1 1
1 1 1 1 1 0 1 0 1 1
1 1 1 1 1 1 1 1 1 0
1 1 1 1 1 1 1 1 1 1
1 1 1 1 1 1 1 1 1 1
0 0 1 1 1 1 1 1 1 1
0 1 1 1 1 1 1 1 1 1
0 0 1 1 1 1 1 1 1 1
1 1 1 1 1 1 1 1 1 1
1 1 0 1 1 1 1 1 1 1

Round 166:
1 1 1 1 1 0 1 1 1 1
1 1 1 1 1 0 0 1 0 1
1 1 1 1 1 0 1 0 0 0
1 1 1 1 0 1 1 1 0 1
1 1 1 0 1 0 1 1 1 1
0 0 0 1 0 1 1 1 1 1
1 0 1 1 1 1 1 0 1 0
1 1 0 1 1 1 0 1 0 0
1 0 0 0 1 1 1 0 1 0
1 1 0 1 1 1 0 0 0 1

Round 167:
1 0 1 0 1 1 0 1 1 0
0 1 0 0 0 1 1 0 1 1
1 0 1 1 1 1 0 1 0 1
0 0 1 1 1 0 1 1 1 0
1 0 1 1 1 1 1 0 0 1
1 1 1 0 1 1 1 0 1 1
0 1 0 1 1 1 1 0 1 0
1 0 1 1 0 0 0 1 0 1
1 1 0 1 0 1 1 0 1 0
0 1 1 0 1 1 0 1 0 1

Round 168:
1 0 0 1 1 1 1 1 1 1
0 1 0 1 1 1 0 1 1 1
0 0 1 0 1 1 0 1 0 1
1 1 0 1 0 1 1 1 1 1
1 1 1 0 1 1 1 1 0 1
1 1 1 1 1 1 1 1 0 1
1 0 0 1 1 1 1 1 1 0
1 1 1 1 1 1 1 1 0 0
1 1 0 1 0 0 1 0 1 0
1 1 1 1 1 1 0 0 0 1

Round 169:
1 1 1 1 1 1 1 1 1 1
1 1 0 1 1 0 1 1 1 1
1 0 1 0 1 0 0 0 1 1
1 1 0 1 0 1 1 0 1 1
1 1 1 0 1 0 1 0 0 1
1 0 0 1 0 1 1 1 1 1
1 1 0 1 1 1 1 1 1 0
1 1 0 0 0 1 1 1 1 1
1 1 1 1 0 1 1 1 1 1
1 1 1 1 1 1 0 1 1 1

Round 170:
1 1 1 0 1 1 1 1 1 0
1 1 1 1 1 1 1 1 1 1
1 1 1 1 0 1 1 0 1 1
0 1 1 1 1 0 0 0 1 1
1 1 0 1 1 1 0 1 1 0
1 1 1 0 1 1 0 1 0 1
1 1 1 0 0 0 1 0 1 0
1 1 0 0 1 1 0 1 0 0
1 1 1 1 1 0 1 0 1 1
0 1 1 1 0 1 0 0 1 1

Round 171:
1 1 1 1 1 0 0 1 1 1
1 1 0 0 0 1 1 1 1 1
1 0 1 1 1 1 1 1 1 0
1 0 1 1 0 0 1 1 0 0
1 0 1 0 1 0 1 1 1 0
0 1 1 0 0 1 0 1 1 0
0 1 1 1 1 0 1 1 1 1
1 1 1 1 1 1 1 1 0 1
1 1 1 0 1 1 1 0 1 0
1 1 0 0 0 0 1 1 0 1

Round 172:
1 1 1 0 1 1 0 1 0 1
1 1 0 0 1 0 1 1 0 1
1 0 1 0 1 1 1 0 1 0
0 0 0 1 1 1 1 1 1 0
1 1 1 1 1 1 0 0 1 1
1 0 1 1 1 1 1 1 0 1
0 1 1 1 0 1 1 1 1 0
1 1 0 1 0 1 1 1 1 0
0 0 1 1 1 0 1 1 1 0
1 1 0 0 1 1 0 0 0 1

Round 173:
1 1 0 1 0 1 1 0 1 1
1 1 0 1 1 1 1 0 0 0
0 0 1 1 1 1 0 0 1 1
1 1 1 1 1 1 0 1 1 1
0 1 1 1 1 1 0 1 0 1
1 1 1 1 1 1 1 1 0 0
1 1 0 0 0 1 1 1 1 0
0 0 0 1 1 1 1 1 1 1
1 0 1 1 0 0 1 1 1 0
1 0 1 1 1 0 0 1 0 1

Round 174:
1 1 1 1 0 0 0 0 0 1
1 1 1 0 0 1 0 1 1 0
1 1 1 1 1 1 1 1 1 0
1 0 1 1 1 1 1 1 0 1
0 0 1 1 1 1 1 0 1 0
0 1 1 1 1 1 0 0 0 1
0 0 1 1 1 0 1 1 0 1
0 1 1 1 0 0 1 1 1 1
0 1 1 0 1 0 0 1 1 1
1 0 0 1 0 1 1 1 1 1

Round 175:
1 0 0 1 1 1 1 0 1 1
0 1 0 1 0 1 1 0 1 1
0 0 1 1 1 1 1 1 0 1
1 1 1 1 1 0 1 1 1 1
1 0 1 1 1 1 1 0 1 0
1 1 1 0 1 1 0 1 1 0
1 1 1 1 1 0 1 0 1 1
0 0 1 1 0 1 0 1 1 0
1 1 0 1 1 1 1 1 1 1
1 1 1 1 0 0 1 0 1 1

Round 176:
1 0 1 1 1 0 0 1 0 1
0 1 1 1 1 0 0 1 0 1
1 1 1 1 1 1 1 0 0 1
1 1 1 1 1 0 0 1 0 0
1 1 1 1 1 1 0 1 0 0
0 0 1 0 1 1 1 1 0 1
0 0 1 0 0 1 1 1 1 1
1 1 0 1 1 1 1 1 1 0
0 0 0 0 0 0 1 1 1 1
1 1 1 0 0 1 1 0 1 1

Round 177:
1 0 1 1 1 1 0 1 0 1
0 1 1 1 1 0 1 0 1 0
1 1 1 1 0 0 1 0 1 1
1 1 1 1 1 1 0 1 1 0
1 1 0 1 1 1 1 1 1 0
1 0 0 1 1 1 1 0 0 0
0 1 1 0 1 1 1 1 0 0
1 0 0 1 1 0 1 1 0 0
0 1 1 1 1 0 0 0 1 1
1 0 1 0 0 0 0 0 1 1

Round 178:
1 1 0 1 0 1 0 1 0 0
1 1 1 0 1 0 1 0 1 0
0 1 1 1 1 1 0 0 1 1
1 0 1 1 1 1 1 0 1 1
0 1 1 1 1 1 1 1 1 1
1 0 1 1 1 1 0 0 1 0
0 1 0 1 1 0 1 0 0 1
1 0 0 0 1 0 0 1 1 0
0 1 1 1 1 1 0 1 1 1
0 0 1 1 1 0 1 0 1 1

Round 179:
1 0 0 0 1 0 1 0 1 1
0 1 1 0 1 1 1 1 0 1
0 1 1 0 0 1 1 1 0 0
0 0 0 1 0 1 1 0 0 1
1 1 0 0 1 0 1 1 0 0
0 1 1 1 0 1 1 0 1 0
1 1 1 1 1 1 1 1 0 1
0 1 1 0 1 0 1 1 0 1
1 0 0 0 0 1 0 0 1 0
1 1 0 1 0 0 1 1 0 1

Round 180:
1 0 1 1 1 0 1 0 1 0
0 1 1 1 1 1 0 1 0 1
1 1 1 1 0 1 1 1 1 1
1 1 1 1 0 0 1 0 0 0
1 1 0 0 1 0 0 1 1 0
0 1 1 0 0 1 1 0 0 0
1 0 1 1 0 1 1 0 1 0
0 1 1 0 1 0 0 1 0 1
1 0 1 0 1 0 1 0 1 0
0 1 1 0 0 0 0 1 0 1

Round 181:
1 1 1 0 0 0 1 0 0 0
1 1 1 0 0 0 0 0 1 1
1 1 1 1 0 1 1 1 0 0
0 0 1 1 0 1 1 0 1 1
0 0 0 0 1 0 1 0 0 1
0 0 1 1 0 1 0 0 1 0
1 0 1 1 1 0 1 0 0 1
0 0 1 0 0 0 0 1 0 1
0 1 0 1 0 1 0 0 1 1
0 1 0 1 1 0 1 1 1 1

Round 182:
1 0 1 1 0 1 1 0 1 1
0 1 1 1 1 0 0 1 1 1
1 1 1 1 1 0 0 1 1 1
1 1 1 1 1 1 0 1 1 0
0 1 1 1 1 1 1 0 1 0
1 0 0 1 1 1 1 1 1 1
1 0 0 0 1 1 1 1 1 0
0 1 1 1 0 1 1 1 0 0
1 1 1 1 1 1 1 0 1 1
1 1 1 0 0 1 0 0 1 1

Round 183:
1 0 1 0 1 0 0 1 0 0
0 1 1 0 1 1 1 0 0 1
1 1 1 1 1 1 0 0 1 0
0 0 1 1 0 0 1 1 0 0
1 1 1 0 1 1 1 0 0 0
0 1 1 0 1 1 1 0 1 1
0 1 0 1 1 1 1 0 1 0
1 0 0 1 0 0 0 1 0 1
0 0 1 0 0 1 1 0 1 1
0 1 0 0 0 1 0 1 1 1

Round 184:
1 1 1 0 1 1 1 1 0 1
1 1 1 1 1 1 1 1 0 0
1 1 1 0 1 1 0 0 1 1
0 1 0 1 0 1 0 1 0 1
1 1 1 0 1 1 1 0 1 1
1 1 1 1 1 1 1 1 1 1
1 1 0 0 1 1 1 1 1 1
1 1 0 1 0 1 1 1 1 1
0 0 1 0 1 1 1 1 1 0
1 0 1 1 1 1 1 1 0 1

Round 185:
1 1 1 1 1 0 0 0 1 0
1 1 1 1 0 1 1 0 1 1
1 1 1 0 0 0 0 1 1 1
1 1 0 1 1 0 1 1 1 0
1 0 0 1 1 0 0 0 0 1
0 1 0 0 0 1 0 1 1 1
0 1 0 1 0 0 1 0 1 0
0 0 1 1 0 1 0 1 0 1
1 1 1 1 0 1 1 0 1 0
0 1 1 0 1 1 0 1 0 1

Round 186:
1 0 0 1 1 0 0 1 0 1
0 1 0 0 1 1 1 1 0 1
0 0 1 1 0 1 1 0 1 1
1 0 1 1 1 0 1 1 1 0
1 1 0 1 1 1 0 1 0 0
0 1 1 0 1 1 1 0 0 1
0 1 1 1 0 1 1 1 1 0
1 1 0 1 1 0 1 1 0 1
0 0 1 1 0 0 1 0 1 0
1 1 1 0 0 1 0 1 0 1

Round 187:
1 0 1 1 0 0 1 0 1 1
0 1 1 0 1 1 0 1 1 1
1 1 1 1 0 0 1 1 1 0
1 0 1 1 1 1 1 1 1 0
0 1 0 1 1 1 0 0 1 1
0 1 0 1 1 1 1 1 1 1
1 0 1 1 0 1 1 1 1 1
0 1 1 1 0 1 1 1 1 1
1 1 1 1 1 1 1 1 1 1
1 1 0 0 1 1 1 1 1 1

Round 188:
1 0 1 0 1 0 1 1 1 0
0 1 1 1 1 0 0 1 1 1
1 1 1 0 1 0 0 1 0 1
0 1 0 1 1 0 1 0 0 1
1 1 1 1 1 0 1 1 1 1
0 0 0 0 0 1 1 1 0 1
1 0 0 1 1 1 1 0 1 1
1 1 1 0 1 1 0 1 0 0
1 1 0 0 1 0 1 0 1 1
0 1 1 1 1 1 1 0 1 1

Round 189:
1 1 0 0 1 1 1 1 1 1
1 1 0 1 0 0 0 1 1 0
0 0 1 1 1 1 1 0 1 0
0 1 1 1 1 1 0 0 1 0
1 0 1 1 1 1 0 1 1 1
1 0 1 1 1 1 1 1 0 0
1 0 1 0 0 1 1 0 0 1
1 1 0 0 1 1 0 1 0 1
1 1 1 1 1 0 0 0 1 0
1 0 0 0 1 0 1 1 0 1

Round 190:
1 0 1 1 1 0 0 0 1 1
0 1 1 1 0 1 0 1 1 0
1 1 1 1 0 0 0 0 1 0
1 1 1 1 1 1 0 1 0 1
1 0 0 1 1 1 1 0 1 0
0 1 0 1 1 1 0 0 0 0
0 0 0 0 1 0 1 1 0 1
0 1 0 1 0 0 1 1 1 1
1 1 1 0 1 0 0 1 1 1
1 0 0 1 0 0 1 1 1 1

Round 191:
1 0 1 1 0 1 1 0 1 0
0 1 1 1 0 1 0 0 1 1
1 1 1 0 1 1 1 1 1 1
1 1 0 1 1 0 0 1 1 1
0 0 1 1 1 0 1 1 1 1
1 1 1 0 0 1 1 1 1 1
1 0 1 0 1 1 1 1 1 1
0 0 1 1 1 1 1 1 1 1
1 1 1 1 1 1 1 1 1 0
0 1 1 1 1 1 1 1 0 1

Round 192:
1 1 1 0 0 0 1 1 1 0
1 1 1 1 1 1 1 0 1 1
1 1 1 0 0 1 0 1 0 1
0 1 0 1 0 1 0 0 1 1
0 1 0 0 1 1 0 1 1 0
0 1 1 1 1 1 0 0 0 1
1 1 0 0 0 0 1 1 0 1
1 0 1 0 1 0 1 1 1 0
1 1 0 1 1 0 0 1 1 0
0 1 1 1 0 1 1 0 0 1

Round 193:
1 1 0 1 0 0 0 0 0 1
1 1 0 1 1 1 1 0 0 0
0 0 1 1 1 0 0 0 1 1
1 1 1 1 0 1 0 1 1 1
0 1 1 0 1 0 0 0 0 0
0 1 0 1 0 1 0 0 0 1
0 1 0 0 0 0 1 1 0 0
0 0 0 1 0 0 1 1 0 1
0 0 1 1 0 0 0 0 1 1
1 0 1 1 0 1 0 1 1 1

Round 194:
1 0 0 1 0 0 1 0 1 0
0 1 1 1 1 1 0 1 1 0
0 1 1 1 0 1 1 1 0 1
1 1 1 1 0 0 0 0 0 1
0 1 0 0 1 0 0 1 0 1
0 1 1 0 0 1 1 1 0 1
1 0 1 0 0 1 1 0 1 1
0 1 1 0 1 1 0 1 1 1
1 1 0 0 0 0 1 1 1 0
0 0 1 1 1 1 1 1 0 1

Round 195:
1 0 0 1 0 0 0 1 1 0
0 1 1 0 0 1 1 1 0 1
0 1 1 0 0 0 1 0 0 0
1 0 0 1 1 0 1 1 1 1
0 0 0 1 1 1 1 1 1 0
0 1 0 0 1 1 0 0 0 1
0 1 1 1 1 0 1 1 1 0
1 1 0 1 1 0 1 1 1 0
1 0 0 1 1 0 1 1 1 1
0 1 0 1 0 1 0 0 1 1

Round 196:
1 1 1 1 0 0 1 1 0 1
1 1 0 1 1 0 1 0 1 1
1 0 1 1 0 0 1 0 0 1
1 1 1 1 1 1 1 0 0 1
0 1 0 1 1 1 1 1 1 0
0 0 0 1 1 1 1 1 1 0
1 1 1 1 1 1 1 1 1 1
1 0 0 0 1 1 1 1 1 0
0 1 0 0 1 1 1 1 1 1
1 1 1 1 0 0 1 0 1 1

Round 197:
1 0 0 1 1 0 0 1 1 0
0 1 1 1 1 0 1 0 1 1
0 1 1 1 1 0 1 0 0 0
1 1 1 1 0 1 0 1 0 0
1 1 1 0 1 1 1 1 0 0
0 0 0 1 1 1 1 1 1 0
0 1 1 0 1 1 1 0 1 0
1 0 0 1 1 1 0 1 1 1
1 1 0 0 0 1 1 1 1 1
0 1 0 0 0 0 0 1 1 1

Round 198:
1 1 0 0 0 0 0 0 1 0
1 1 1 1 1 1 1 1 1 0
0 1 1 1 1 0 0 0 0 1
0 1 1 1 1 1 1 1 1 1
0 1 1 1 1 0 1 1 1 1
0 1 0 1 0 1 1 1 1 1
0 1 0 1 1 1 1 0 0 1
0 1 0 1 1 1 0 1 0 1
1 1 0 1 1 1 0 0 1 0
0 0 1 1 1 1 1 1 0 1

Round 199:
1 1 1 0 0 1 0 0 0 0
1 1 0 1 0 0 1 0 1 1
1 0 1 1 1 1 0 1 0 0
0 1 1 1 1 0 1 1 1 0
0 0 1 1 1 1 1 1 1 1
1 0 1 0 1 1 0 0 0 1
0 1 0 1 1 0 1 0 0 1
0 0 1 1 1 0 0 1 0 0
0 1 0 1 1 0 0 0 1 0
0 1 0 0 1 1 1 0 0 1

Round 200:
1 0 0 0 0 0 0 0 1 0
0 1 1 0 1 1 1 1 1 0
0 1 1 1 0 0 1 1 1 1
0 0 1 1 0 1 1 1 0 1
0 1 0 0 1 0 1 0 1 1
0 1 0 1 0 1 1 0 0 1
0 1 1 1 1 1 1 1 1 1
0 1 1 1 0 0 1 1 1 1
1 1 1 0 1 0 1 1 1 1
0 0 1 1 1 1 1 1 1 1

